x y z alpha beta gamma
-0.196899 0.894543 0.608929 1.551880 -0.019125 0.135414
-0.196869 0.894543 0.608907 1.551840 -0.019197 0.135413
-0.196839 0.894543 0.608885 1.551799 -0.019269 0.135412
-0.196808 0.894543 0.608864 1.551759 -0.019340 0.135410
-0.229482 0.892298 0.621830 1.568282 -0.011717 0.174847
-0.229453 0.892298 0.621806 1.568239 -0.011788 0.174846
-0.229423 0.892298 0.621782 1.568196 -0.011858 0.174844
-0.229394 0.892298 0.621758 1.568154 -0.011927 0.174843
-0.229365 0.892298 0.621734 1.568111 -0.011998 0.174842
-0.229336 0.892299 0.621711 1.568068 -0.012068 0.174841
-0.229307 0.892299 0.621687 1.568025 -0.012138 0.174839
-0.229277 0.892299 0.621664 1.567983 -0.012209 0.174838
-0.229248 0.892299 0.621640 1.567940 -0.012279 0.174837
-0.229219 0.892300 0.621616 1.567897 -0.012349 0.174836
-0.229189 0.892300 0.621592 1.567854 -0.012420 0.174835
-0.229160 0.892300 0.621568 1.567812 -0.012490 0.174833
-0.229131 0.892300 0.621545 1.567769 -0.012560 0.174832
-0.229101 0.892301 0.621521 1.567727 -0.012631 0.174831
-0.229072 0.892301 0.621498 1.567684 -0.012701 0.174830
-0.229043 0.892301 0.621474 1.567642 -0.012772 0.174829
-0.230177 0.891355 0.614240 1.558827 -0.010727 0.176260
-0.188363 0.902809 0.627399 1.575839 -0.017390 0.122839
-0.211035 0.889570 0.602182 1.542749 -0.012472 0.153311
-0.213569 0.893024 0.607412 1.549898 -0.013625 0.155897
-0.184953 0.907447 0.666592 1.624686 -0.018739 0.116622
-0.223548 0.894490 0.618220 1.563806 -0.012826 0.167127
-0.164372 0.909874 0.632616 1.582298 -0.022112 0.091991
-0.206251 0.896107 0.611832 1.555546 -0.016555 0.146107
-0.214749 0.899589 0.667775 1.625577 -0.016852 0.154671
-0.190300 0.898887 0.610249 1.553391 -0.019518 0.126009
-0.189878 0.898787 0.610252 1.553385 -0.019590 0.125591
-0.189861 0.898808 0.610156 1.553268 -0.019664 0.125604
-0.206818 0.896069 0.610545 1.553577 -0.015184 0.146425
-0.206780 0.896065 0.610515 1.553537 -0.015251 0.146424
-0.206732 0.896062 0.610479 1.553484 -0.015335 0.146404
-0.206683 0.896058 0.610446 1.553437 -0.015413 0.146386
-0.206634 0.896055 0.610414 1.553392 -0.015491 0.146368
-0.206585 0.896051 0.610385 1.553348 -0.015569 0.146350
-0.206536 0.896048 0.610355 1.553305 -0.015646 0.146331
-0.206862 0.898546 0.625704 1.572466 -0.013045 0.145547
-0.212524 0.897145 0.633242 1.581626 -0.011688 0.152849
-0.205658 0.899126 0.636416 1.585948 -0.018679 0.144248
-0.200502 0.896352 0.601737 1.542614 -0.018159 0.139250
-0.185409 0.904765 0.633720 1.583002 -0.021360 0.118006
-0.199663 0.897318 0.660349 1.615801 -0.015697 0.136787
-0.203757 0.897155 0.624296 1.570750 -0.019340 0.142423
-0.191868 0.902606 0.656728 1.611038 -0.016534 0.125731
-0.207806 0.896565 0.600044 1.540209 -0.017086 0.147868
-0.206521 0.899481 0.624476 1.570445 -0.012669 0.144859
-0.214223 0.893840 0.629735 1.577381 -0.016551 0.156406
-0.214234 0.893841 0.629654 1.577382 -0.016135 0.156398
-0.214159 0.893815 0.629628 1.577373 -0.016003 0.156291
-0.205906 0.897994 0.623823 1.570258 -0.019474 0.145169
-0.193734 0.900548 0.649714 1.602200 -0.012339 0.129004
-0.211089 0.896867 0.596292 1.535409 -0.016526 0.151839
-0.185748 0.904337 0.628648 1.575920 -0.016090 0.118117
-0.217325 0.896108 0.626284 1.573509 -0.018457 0.159276
-0.210742 0.896044 0.637990 1.587914 -0.015360 0.151207
-0.205492 0.898955 0.636050 1.585159 -0.013543 0.143903
-0.175641 0.906787 0.615359 1.559652 -0.017970 0.105832
-0.207286 0.900622 0.612685 1.556117 -0.016357 0.145905
-0.208472 0.897276 0.625030 1.571522 -0.016716 0.148448
-0.206774 0.898815 0.619416 1.564378 -0.014843 0.145758
-0.036474 0.909299 0.664522 1.557442 0.002008 0.014016
-0.037363 0.906972 0.666347 1.559672 -0.000990 0.015328
-0.043056 0.907125 0.688938 1.588562 -0.000430 0.022540
-0.014827 0.906247 0.647389 1.535968 -0.001717 -0.012971
-0.039483 0.909910 0.671041 1.566065 0.003364 0.018170
-0.040723 0.907538 0.672125 1.567481 0.000102 0.019679
-0.013262 0.903511 0.681885 1.580055 -0.001405 -0.015667
-0.019478 0.906813 0.652162 1.541795 -0.000651 -0.007273
-0.058080 0.907682 0.693805 1.594799 0.002236 0.042128
-0.016529 0.906340 0.684041 1.582618 0.001847 -0.010690
-0.026933 0.905184 0.670577 1.565541 0.000474 0.002160
-0.024714 0.907409 0.655019 1.545660 -0.000793 -0.000439
-0.019160 0.906205 0.670435 1.565327 0.001383 -0.007089
-0.022498 0.906861 0.685832 1.584595 -0.000863 -0.003198
-0.002816 0.903375 0.668111 1.562515 0.003726 -0.028141
-0.029085 0.907860 0.660261 1.552718 0.002295 0.005534
-0.029809 0.909451 0.662868 1.555784 0.001230 0.006522
-0.018490 0.906294 0.674826 1.570726 -0.001592 -0.008084
-0.007992 0.903128 0.679053 1.576426 0.002030 -0.021339
-0.033071 0.907591 0.670253 1.564701 -0.001229 0.010603
-0.036378 0.908590 0.657922 1.549812 -0.000309 0.014642
-0.050760 0.910797 0.669599 1.564550 0.000777 0.032669
-0.010205 0.904303 0.662728 1.555952 0.000902 -0.018315
-0.010481 0.904101 0.663456 1.556448 0.000191 -0.018352
-0.013267 0.902512 0.687706 1.587209 0.002733 -0.014861
-0.013395 0.902525 0.687727 1.587194 0.002640 -0.014799
-0.013485 0.902541 0.687721 1.587177 0.002617 -0.014733
-0.002236 0.902144 0.671677 1.567148 -0.000088 -0.028958
-0.011661 0.903296 0.674917 1.571537 0.003800 -0.017002
-0.022293 0.906945 0.658928 1.551248 0.000670 -0.003031
-0.020097 0.903066 0.682853 1.580901 -0.000625 -0.006484
-0.025604 0.903579 0.701738 1.604777 0.001255 0.000665
-0.032336 0.909331 0.666354 1.560450 0.002297 0.009040
-0.043964 0.912105 0.653316 1.543660 0.000021 0.024070
-0.034032 0.906492 0.679660 1.577112 -0.000762 0.011025
-0.034165 0.905656 0.697095 1.598830 0.001838 0.011302
-0.035186 0.909550 0.679077 1.575913 0.003392 0.012856
-0.017976 0.904036 0.693930 1.594870 0.000723 -0.009027
-0.031917 0.906939 0.674941 1.571100 0.004066 0.008416
-0.045998 0.905698 0.687314 1.586415 0.002428 0.026474
-0.012122 0.905494 0.668153 1.562069 0.001036 -0.016852
-0.011149 0.904705 0.676538 1.572733 -0.000887 -0.018228
-0.025352 0.905708 0.686697 1.585920 0.001593 0.000326
-0.024085 0.906178 0.675031 1.571082 0.000440 -0.001677
-0.038602 0.906471 0.687509 1.587170 0.003106 0.017027
-0.017149 0.906992 0.675436 1.571779 0.002179 -0.009848
-0.026485 0.905843 0.690037 1.590466 0.000595 0.001477
-0.019960 0.903359 0.692182 1.593159 -0.000322 -0.006874
-0.020561 0.905750 0.691719 1.592571 0.002365 -0.005664
-0.021104 0.907708 0.672484 1.567817 -0.001876 -0.005369
-0.011103 0.906840 0.669753 1.564631 -0.002162 -0.017866
-0.031104 0.908922 0.667043 1.561067 0.000598 0.007719
-0.037522 0.906455 0.675930 1.572476 0.000756 0.015539
-0.025326 0.906692 0.691537 1.592457 0.000788 0.000227
-0.015558 0.905442 0.688749 1.589121 0.000642 -0.012106
-0.014557 0.905834 0.672027 1.567432 -0.003403 -0.013796
-0.033761 0.907083 0.669015 1.563623 0.000339 0.010725
-0.015442 0.907076 0.674786 1.571117 -0.005309 -0.012059
-0.015746 0.907618 0.676511 1.573223 -0.001957 -0.011801
-0.020534 0.904498 0.650614 1.540702 -0.000880 -0.005737
-0.011895 0.906747 0.661692 1.554807 -0.002858 -0.016348
-0.001598 0.903692 0.663684 1.557121 -0.003401 -0.029758
-0.013138 0.906776 0.667355 1.561831 -0.004263 -0.014680
-0.031945 0.908438 0.669120 1.564586 0.002272 0.008401
-0.043619 0.910630 0.676480 1.573841 0.001527 0.023309
-0.027157 0.905530 0.655892 1.547814 0.001642 0.001969
-0.017178 0.905372 0.681563 1.579853 0.001424 -0.010249
-0.018340 0.905342 0.683881 1.583076 0.000166 -0.008422
-0.030122 0.904911 0.662006 1.555480 0.001263 0.006355
-0.000279 0.904064 0.692749 1.593996 -0.003837 -0.031213
-0.028121 0.908916 0.693122 1.595012 0.002500 0.003802
-0.047384 0.909222 0.687104 1.587449 0.003216 0.028183
-0.028369 0.909064 0.692982 1.594814 0.002313 0.004106
-0.028342 0.909045 0.692981 1.594786 0.002226 0.004078
-0.028290 0.909027 0.692951 1.594733 0.002158 0.004025
-0.028248 0.909011 0.692927 1.594693 0.002105 0.003989
-0.028261 0.909018 0.692896 1.594644 0.002048 0.004010
-0.028284 0.909032 0.692859 1.594592 0.002001 0.004044
-0.028312 0.909046 0.692830 1.594546 0.001950 0.004082
-0.028338 0.909059 0.692797 1.594497 0.001898 0.004118
-0.028359 0.909071 0.692762 1.594445 0.001848 0.004150
-0.028371 0.909079 0.692727 1.594394 0.001797 0.004172
-0.028375 0.909083 0.692692 1.594343 0.001746 0.004185
-0.028376 0.909086 0.692658 1.594292 0.001692 0.004193
-0.026466 0.907315 0.685907 1.585449 0.000151 0.001874
-0.013232 0.903738 0.664476 1.558284 0.000912 -0.015036
-0.016149 0.904329 0.664448 1.558353 -0.002011 -0.011523
-0.019089 0.902849 0.675252 1.571808 -0.003313 -0.007671
-0.052519 0.909605 0.660685 1.554416 0.006987 0.034183
-0.034181 0.909603 0.670299 1.566445 0.001709 0.011551
-0.036377 0.908002 0.680543 1.578656 -0.001812 0.014531
-0.019155 0.906367 0.676531 1.573782 0.000125 -0.007314
-0.023220 0.906575 0.678153 1.575656 -0.000626 -0.002130
-0.016236 0.902611 0.661961 1.555125 -0.001336 -0.011087
-0.029367 0.907227 0.670760 1.566921 0.003401 0.005229
-0.027177 0.908256 0.691967 1.593445 0.001306 0.002871
-0.032729 0.907230 0.671390 1.567844 0.002775 0.010056
-0.023689 0.905794 0.644453 1.533653 -0.000607 -0.001017
-0.027891 0.908103 0.693081 1.594681 -0.001071 0.004076
-0.028098 0.908216 0.692989 1.594549 -0.001163 0.004288
-0.028142 0.908229 0.692985 1.594535 -0.001201 0.004353
-0.028120 0.908216 0.692985 1.594505 -0.001284 0.004330
-0.028079 0.908204 0.692964 1.594461 -0.001345 0.004294
-0.028039 0.908192 0.692943 1.594422 -0.001397 0.004263
-0.028032 0.908192 0.692925 1.594384 -0.001453 0.004265
-0.028030 0.908198 0.692898 1.594339 -0.001504 0.004275
-0.028033 0.908204 0.692876 1.594298 -0.001555 0.004289
-0.028034 0.908209 0.692853 1.594257 -0.001608 0.004303
-0.028036 0.908215 0.692830 1.594216 -0.001661 0.004316
-0.028038 0.908220 0.692808 1.594174 -0.001714 0.004330
-0.028040 0.908225 0.692786 1.594133 -0.001766 0.004343
-0.016329 0.905226 0.670594 1.566284 -0.001671 -0.010850
-0.019848 0.902303 0.672346 1.567941 -0.001854 -0.006861
-0.019631 0.902322 0.656111 1.547232 -0.000615 -0.006956
-0.019667 0.903153 0.655216 1.545966 -0.002421 -0.006890
-0.007250 0.905324 0.669980 1.565577 -0.002364 -0.022818
-0.027889 0.906339 0.659798 1.551958 0.002192 0.003810
-0.006096 0.901485 0.686088 1.586355 -0.000964 -0.025348
-0.010278 0.905377 0.678456 1.576475 -0.000588 -0.019726
-0.023785 0.907638 0.674752 1.571448 0.001565 -0.001369
-0.023107 0.906629 0.671958 1.567761 -0.001039 -0.002784
-0.022801 0.905137 0.661243 1.552411 -0.003888 -0.003172
-0.020949 0.904965 0.685439 1.585808 0.000844 -0.005996
-0.038892 0.908871 0.681224 1.580109 0.001953 0.018765
-0.023131 0.904435 0.676115 1.572954 0.002157 -0.003162
-0.024947 0.906902 0.666192 1.559034 -0.002705 0.000013
-0.013231 0.901953 0.667468 1.560496 -0.002929 -0.017086
-0.023369 0.906742 0.676956 1.574646 0.003131 -0.002441
-0.021584 0.903844 0.661215 1.551581 -0.002807 -0.005006
-0.024276 0.905665 0.676639 1.574059 0.003005 -0.001283
-0.021481 0.905426 0.672951 1.568543 -0.000887 -0.005146
-0.021164 0.903557 0.672042 1.566920 0.000002 -0.005530
-0.024929 0.907362 0.677037 1.574795 0.002859 0.000188
-0.020239 0.904426 0.671164 1.565704 0.000683 -0.007046
-0.024353 0.904954 0.675080 1.571489 0.000169 -0.000908
-0.030168 0.905487 0.669883 1.563909 0.001013 0.007698
-0.025551 0.905718 0.675001 1.571620 0.000661 0.001271
-0.022347 0.902679 0.673014 1.568205 -0.000895 -0.003869
-0.024547 0.904100 0.680010 1.579187 0.001042 -0.000590
-0.023134 0.904288 0.676813 1.574664 0.002051 -0.002701
-0.022914 0.905913 0.676359 1.573958 0.001410 -0.002848
-0.015025 0.902553 0.675890 1.572935 0.000088 -0.015363
-0.019440 0.901067 0.676377 1.573639 0.000653 -0.008814
-0.021292 0.902457 0.669512 1.563141 0.001406 -0.006201
-0.024896 0.906192 0.676464 1.573878 -0.001367 0.000598
0.074888 0.855135 0.802366 1.744487 -0.013283 -0.212749
0.075336 0.854808 0.803089 1.746156 -0.014521 -0.213900
0.077963 0.854542 0.796247 1.734172 -0.017865 -0.218590
0.079726 0.850760 0.801964 1.745026 -0.012900 -0.222427
0.076029 0.853527 0.798650 1.738490 -0.017982 -0.216156
0.077756 0.853839 0.796089 1.734393 -0.016205 -0.218213
0.077717 0.853014 0.799264 1.740374 -0.012494 -0.218215
0.075718 0.854029 0.802618 1.745160 -0.016094 -0.214758
0.079579 0.852162 0.797873 1.738678 -0.010591 -0.221019
0.077047 0.853268 0.801092 1.743233 -0.014604 -0.216902
0.077303 0.853222 0.797968 1.737824 -0.013633 -0.217596
0.076735 0.855096 0.797748 1.737398 -0.014392 -0.215553
0.077423 0.854641 0.800477 1.741040 -0.019004 -0.217274
0.075409 0.853507 0.800307 1.741770 -0.015710 -0.214292
0.078062 0.852044 0.796901 1.735784 -0.015605 -0.219699
0.078812 0.853217 0.797389 1.736914 -0.014902 -0.219483
0.078127 0.854858 0.798450 1.739156 -0.011499 -0.216658
0.077271 0.853696 0.798700 1.738618 -0.016030 -0.217041
0.079215 0.850507 0.798442 1.739672 -0.011786 -0.221858
0.076737 0.855824 0.797582 1.737133 -0.012677 -0.214044
0.078777 0.852736 0.798194 1.738515 -0.012468 -0.219103
0.077590 0.852759 0.798499 1.739196 -0.012531 -0.217210
0.078513 0.853790 0.795745 1.734076 -0.013088 -0.217964
0.079247 0.852555 0.795808 1.733730 -0.014952 -0.220575
0.079961 0.851542 0.798279 1.738934 -0.011860 -0.221828
0.078074 0.856162 0.797763 1.737028 -0.010820 -0.215762
0.078651 0.850080 0.798394 1.739300 -0.014232 -0.221154
0.079001 0.851410 0.798304 1.739362 -0.012447 -0.220455
0.076611 0.853981 0.798847 1.738848 -0.015921 -0.215610
0.078223 0.853883 0.800465 1.741310 -0.015136 -0.218370
0.077549 0.853272 0.798368 1.738004 -0.016367 -0.217561
0.077368 0.854746 0.797654 1.737442 -0.012389 -0.215772
0.075580 0.855329 0.801927 1.743430 -0.016253 -0.213410
0.077935 0.852811 0.799986 1.740482 -0.018175 -0.219256
0.079429 0.852195 0.800163 1.741956 -0.011449 -0.220466
0.000000 0.000000 0.000000 0.000000 -0.000000 0.000000
0.077554 0.855928 0.799815 1.740301 -0.016041 -0.216184
0.077857 0.852950 0.801232 1.743269 -0.015237 -0.218270
0.077609 0.857057 0.799233 1.738949 -0.016666 -0.216025
0.076983 0.854238 0.801255 1.743408 -0.015841 -0.216301
0.077185 0.854518 0.800083 1.740966 -0.017071 -0.216651
0.080383 0.852354 0.799646 1.740930 -0.015374 -0.222810
0.078029 0.852229 0.800336 1.742201 -0.013210 -0.219134
0.076993 0.852872 0.802558 1.745341 -0.014448 -0.217274
0.077892 0.855325 0.796761 1.735978 -0.016963 -0.217289
0.076179 0.855672 0.798981 1.739319 -0.017494 -0.214816
0.077333 0.854065 0.802587 1.745302 -0.014947 -0.217058
0.077788 0.854048 0.802151 1.744122 -0.017824 -0.218169
0.082703 0.853114 0.800047 1.741289 -0.013563 -0.225449
0.080070 0.852431 0.802326 1.744954 -0.012799 -0.222085
0.077653 0.857452 0.795719 1.734392 -0.019339 -0.216182
0.080446 0.854784 0.797192 1.736885 -0.018361 -0.221224
0.076289 0.853531 0.800490 1.742290 -0.016524 -0.215887
0.077187 0.857216 0.801753 1.743744 -0.016054 -0.215209
0.078552 0.856594 0.798099 1.738141 -0.017547 -0.217993
0.079976 0.855395 0.795141 1.733967 -0.016712 -0.220329
0.079673 0.850547 0.803354 1.747166 -0.011686 -0.221731
0.075783 0.858045 0.799867 1.740564 -0.018124 -0.213863
0.079215 0.852656 0.799387 1.740808 -0.015724 -0.220227
0.075648 0.856429 0.802107 1.744410 -0.015399 -0.213877
0.076803 0.856825 0.802436 1.744735 -0.012294 -0.215550
0.071298 0.857287 0.801923 1.744375 -0.015288 -0.207835
0.079189 0.854536 0.800180 1.741253 -0.017093 -0.219853
0.078969 0.851983 0.802146 1.744662 -0.016965 -0.220308
0.071102 0.860375 0.803457 1.745840 -0.013278 -0.206578
0.071684 0.859583 0.803511 1.746000 -0.014684 -0.207764
0.071868 0.859062 0.797700 1.737787 -0.015344 -0.208351
0.078802 0.855816 0.800024 1.741010 -0.014145 -0.218712
0.079537 0.854701 0.801636 1.744047 -0.013948 -0.220099
0.073016 0.858578 0.799606 1.740497 -0.017068 -0.210757
0.078823 0.855976 0.797445 1.738011 -0.014199 -0.218579
0.085408 0.853508 0.797490 1.738186 -0.018909 -0.228744
0.075424 0.854551 0.796387 1.736837 -0.017074 -0.215254
0.077631 0.856121 0.800155 1.741499 -0.016240 -0.217736
0.080073 0.850850 0.805416 1.748860 -0.014075 -0.222033
0.073373 0.856613 0.798133 1.739017 -0.017620 -0.212020
0.081128 0.854525 0.799183 1.740502 -0.016347 -0.222581
0.081569 0.854257 0.799244 1.740530 -0.016498 -0.223101
0.081758 0.854167 0.799235 1.740497 -0.016614 -0.223315
0.081871 0.854125 0.799216 1.740472 -0.016668 -0.223412
0.081972 0.854080 0.799226 1.740470 -0.016740 -0.223505
0.082074 0.854035 0.799238 1.740469 -0.016821 -0.223606
0.082147 0.854002 0.799259 1.740478 -0.016898 -0.223674
0.082267 0.850002 0.804795 1.748261 -0.014216 -0.225157
0.082262 0.850020 0.804803 1.748257 -0.014288 -0.225133
0.073272 0.855795 0.808098 1.752233 -0.013586 -0.212225
0.068614 0.857254 0.805294 1.748581 -0.014800 -0.205198
0.072063 0.857698 0.803913 1.746616 -0.016675 -0.209484
0.077854 0.860554 0.791601 1.729430 -0.017130 -0.216101
0.080209 0.853352 0.799339 1.740343 -0.016885 -0.221539
0.078521 0.856026 0.801671 1.743418 -0.011581 -0.218049
0.077000 0.857160 0.795648 1.735123 -0.019093 -0.216261
0.078042 0.859082 0.795604 1.735076 -0.014221 -0.216683
0.074627 0.856354 0.797514 1.737779 -0.018374 -0.213236
0.075958 0.858036 0.797225 1.737445 -0.013767 -0.214161
0.083778 0.854186 0.794103 1.733213 -0.019561 -0.225992
0.074851 0.856122 0.798670 1.739655 -0.013504 -0.213118
0.075766 0.857714 0.793253 1.732478 -0.016697 -0.214004
0.085846 0.852029 0.795297 1.735310 -0.014865 -0.228863
0.072512 0.858945 0.788777 1.726539 -0.014926 -0.209445
0.074700 0.856746 0.811481 1.756834 -0.013031 -0.212697
0.076766 0.853676 0.812178 1.757790 -0.013141 -0.216793
0.075743 0.858732 0.800091 1.741495 -0.015238 -0.213191
0.078686 0.854869 0.799887 1.741433 -0.015779 -0.218666
0.074847 0.860188 0.788831 1.726429 -0.018091 -0.211909
0.076923 0.854764 0.807960 1.752034 -0.013680 -0.216327
0.079303 0.855160 0.812775 1.758260 -0.011522 -0.219090
0.076244 0.856905 0.797576 1.737965 -0.019720 -0.215000
0.074888 0.855572 0.801284 1.743437 -0.014274 -0.213485
0.078549 0.858324 0.797879 1.738441 -0.016417 -0.217011
0.084753 0.849833 0.804950 1.748512 -0.012864 -0.227880
0.070961 0.861264 0.798521 1.739454 -0.013969 -0.206089
0.077441 0.856755 0.804605 1.747351 -0.015124 -0.216290
0.080962 0.855381 0.799742 1.740905 -0.013915 -0.220883
0.079161 0.854400 0.801774 1.743365 -0.018405 -0.219166
0.077369 0.853371 0.802288 1.744411 -0.014542 -0.217393
0.079193 0.858082 0.803390 1.746157 -0.010778 -0.217069
0.082654 0.852851 0.795783 1.736115 -0.014556 -0.223430
0.079497 0.850663 0.809559 1.754070 -0.013663 -0.220938
0.073336 0.855229 0.805254 1.748187 -0.017703 -0.211811
0.075220 0.859946 0.805723 1.748259 -0.014527 -0.211610
0.073163 0.859198 0.804875 1.747980 -0.011498 -0.209620
0.078881 0.854618 0.808569 1.752244 -0.014205 -0.218191
0.082015 0.853369 0.801492 1.743703 -0.014170 -0.222546
0.080389 0.856696 0.800342 1.741841 -0.016043 -0.219022
0.076184 0.857999 0.807441 1.750573 -0.014722 -0.213897
0.076182 0.854878 0.799008 1.739460 -0.019134 -0.215472
0.079551 0.855688 0.796831 1.737394 -0.015269 -0.218582
0.082636 0.850436 0.805706 1.749092 -0.014002 -0.224282
0.075134 0.858111 0.806716 1.748848 -0.018280 -0.212644
0.077871 0.854597 0.794273 1.733545 -0.020204 -0.217607
0.085573 0.854273 0.803029 1.744384 -0.018197 -0.226557
0.074448 0.856670 0.800949 1.742860 -0.012961 -0.212079
0.074443 0.859997 0.804546 1.746651 -0.014270 -0.210638
0.063161 0.864577 0.806964 1.749378 -0.013793 -0.195413
0.078974 0.857215 0.796208 1.735805 -0.017177 -0.217302
0.076063 0.857989 0.800343 1.741223 -0.013916 -0.212998
0.067142 0.863823 0.802566 1.742884 -0.018456 -0.201162
0.076821 0.856260 0.793004 1.732175 -0.017345 -0.215382
0.073095 0.856210 0.805866 1.748567 -0.015887 -0.210853
0.071868 0.865639 0.791050 1.727840 -0.018744 -0.206030
0.084884 0.853644 0.797264 1.737983 -0.013621 -0.225638
0.085464 0.854001 0.794541 1.734222 -0.013922 -0.226283
0.075388 0.856418 0.796613 1.735948 -0.018317 -0.214189
0.067617 0.863822 0.803455 1.744015 -0.017315 -0.201697
0.079094 0.857669 0.787426 1.724396 -0.018373 -0.217854
0.076101 0.858342 0.797927 1.737028 -0.019908 -0.214308
0.076087 0.858352 0.797803 1.736949 -0.019797 -0.214298
0.076071 0.858360 0.797736 1.736898 -0.019762 -0.214286
0.076057 0.858369 0.797690 1.736857 -0.019756 -0.214275
0.076044 0.858378 0.797653 1.736818 -0.019761 -0.214263
0.079029 0.857721 0.800475 1.741358 -0.013367 -0.217024
0.069985 0.858093 0.808164 1.750932 -0.016913 -0.206923
0.072130 0.861854 0.803561 1.744615 -0.013792 -0.207523
0.073209 0.858154 0.801018 1.742032 -0.014965 -0.210285
0.076792 0.859147 0.795852 1.735470 -0.013216 -0.213668
0.077066 0.854877 0.801858 1.742978 -0.015826 -0.216265
0.078908 0.858081 0.792985 1.731812 -0.014579 -0.217488
0.072032 0.856108 0.807663 1.750591 -0.012200 -0.209463
0.082209 0.855681 0.791739 1.729996 -0.015304 -0.222625
0.076608 0.862903 0.795833 1.734303 -0.014097 -0.212871
0.076488 0.860518 0.790969 1.728845 -0.014993 -0.213812
0.078430 0.854970 0.811484 1.755469 -0.011299 -0.217530
0.081078 0.852264 0.803421 1.745819 -0.012025 -0.221964
0.073225 0.858957 0.799269 1.739413 -0.017217 -0.211154
0.078211 0.858242 0.800328 1.740300 -0.016062 -0.217033
0.071337 0.855175 0.812515 1.757101 -0.012126 -0.209002
0.063711 0.863819 0.798008 1.736995 -0.015787 -0.197504
0.076066 0.857805 0.797158 1.736942 -0.015416 -0.214304
0.079275 0.857253 0.799578 1.739617 -0.013446 -0.218750
0.084676 0.851942 0.798302 1.739011 -0.014357 -0.227200
0.077802 0.857370 0.794459 1.733125 -0.018223 -0.217515
0.067974 0.856647 0.807527 1.750083 -0.011296 -0.203892
0.079413 0.855817 0.798778 1.738533 -0.014616 -0.219498
0.074424 0.856212 0.801120 1.741922 -0.013421 -0.212915
0.070187 0.860609 0.795891 1.734274 -0.016531 -0.206683
0.084401 0.852518 0.801390 1.742546 -0.015810 -0.227520
0.072498 0.855838 0.799795 1.740455 -0.019163 -0.211986
0.078095 0.854812 0.800807 1.741325 -0.015740 -0.219015
0.074526 0.858566 0.796342 1.735166 -0.018045 -0.213566
0.071822 0.856401 0.806289 1.748155 -0.013579 -0.209989
0.078118 0.855405 0.801073 1.741750 -0.013953 -0.218349
0.077040 0.855300 0.804292 1.745522 -0.013120 -0.216916
0.071252 0.854926 0.806170 1.748596 -0.014200 -0.209516
0.078395 0.855146 0.807069 1.749310 -0.013411 -0.218528
0.069493 0.853106 0.809614 1.753674 -0.009580 -0.206797
0.076354 0.853066 0.810906 1.754876 -0.008731 -0.215730
0.074165 0.853279 0.806041 1.749142 -0.016291 -0.214208
0.080181 0.855563 0.799479 1.739911 -0.014863 -0.221129
0.078484 0.855250 0.802585 1.743805 -0.015071 -0.219039
0.079101 0.854595 0.804205 1.746282 -0.015442 -0.220068
0.076992 0.855289 0.801291 1.742404 -0.014466 -0.217399
0.072747 0.861387 0.789918 1.726668 -0.018289 -0.210574
0.076250 0.851982 0.809396 1.753470 -0.014269 -0.217002
0.066506 0.858527 0.809911 1.753411 -0.015896 -0.202983
0.076502 0.854016 0.805474 1.748160 -0.013668 -0.216690
0.082505 0.855488 0.798444 1.738658 -0.013538 -0.223958
0.082752 0.855211 0.798939 1.739051 -0.014189 -0.224274
0.073779 0.859141 0.802440 1.743113 -0.011898 -0.211373
0.073669 0.859213 0.802417 1.743067 -0.012018 -0.211247
0.073606 0.859248 0.802398 1.743033 -0.012093 -0.211173
0.073572 0.859268 0.802373 1.742992 -0.012160 -0.211138
0.073548 0.859285 0.802340 1.742947 -0.012220 -0.211110
0.073529 0.859300 0.802305 1.742900 -0.012274 -0.211086
0.073513 0.859314 0.802270 1.742852 -0.012327 -0.211066
0.073498 0.859327 0.802234 1.742804 -0.012382 -0.211047
0.073483 0.859339 0.802198 1.742757 -0.012435 -0.211029
0.078429 0.859670 0.796933 1.736172 -0.017525 -0.218277
0.073725 0.855050 0.809239 1.752560 -0.012889 -0.212865
0.075432 0.855312 0.798164 1.738437 -0.014512 -0.214801
0.080178 0.856403 0.799289 1.739202 -0.014858 -0.221292
0.072506 0.854208 0.805003 1.747228 -0.013517 -0.211442
0.083744 0.852691 0.804576 1.746400 -0.011328 -0.225962
0.070336 0.855874 0.808285 1.751039 -0.013934 -0.208374
0.075991 0.854939 0.798070 1.738168 -0.015862 -0.216107
0.072662 0.861714 0.791968 1.728835 -0.019031 -0.210679
0.080025 0.852862 0.803846 1.745634 -0.013404 -0.221348
0.079909 0.853084 0.803363 1.745231 -0.012870 -0.221106
0.081845 0.849536 0.810832 1.755520 -0.013157 -0.224809
0.078380 0.855400 0.804463 1.746116 -0.018015 -0.220142
0.078402 0.855399 0.804419 1.746067 -0.018048 -0.220157
0.078420 0.855397 0.804388 1.746027 -0.018097 -0.220170
0.078435 0.855394 0.804360 1.745989 -0.018152 -0.220182
0.078420 0.855407 0.804336 1.745954 -0.018211 -0.220161
0.078397 0.855427 0.804307 1.745916 -0.018266 -0.220128
0.078371 0.855447 0.804281 1.745879 -0.018324 -0.220094
0.078344 0.855466 0.804256 1.745844 -0.018385 -0.220059
0.078318 0.855486 0.804230 1.745808 -0.018443 -0.220025
0.078292 0.855505 0.804204 1.745772 -0.018502 -0.219990
0.078267 0.855525 0.804179 1.745736 -0.018559 -0.219956
0.078241 0.855545 0.804153 1.745700 -0.018619 -0.219922
0.076249 0.859136 0.796214 1.734954 -0.018208 -0.216069
0.076224 0.859155 0.796188 1.734918 -0.018266 -0.216035
0.076198 0.859174 0.796163 1.734882 -0.018326 -0.216000
0.076172 0.859193 0.796137 1.734846 -0.018383 -0.215966
0.076147 0.859212 0.796111 1.734810 -0.018441 -0.215932
0.076121 0.859231 0.796085 1.734774 -0.018500 -0.215897
0.076095 0.859250 0.796060 1.734738 -0.018559 -0.215863
0.076069 0.859269 0.796034 1.734703 -0.018618 -0.215828
0.076043 0.859288 0.796008 1.734666 -0.018676 -0.215794
0.076018 0.859308 0.795982 1.734630 -0.018735 -0.215759
0.075992 0.859327 0.795955 1.734593 -0.018793 -0.215725
0.075966 0.859346 0.795929 1.734556 -0.018853 -0.215690
0.075941 0.859366 0.795902 1.734519 -0.018911 -0.215655
0.075915 0.859385 0.795875 1.734482 -0.018970 -0.215621
0.075889 0.859404 0.795848 1.734444 -0.019029 -0.215586
0.075863 0.859424 0.795821 1.734407 -0.019089 -0.215551
0.075838 0.859443 0.795794 1.734369 -0.019147 -0.215516
0.075811 0.859462 0.795767 1.734332 -0.019206 -0.215481
0.075786 0.859482 0.795740 1.734295 -0.019265 -0.215447
0.075761 0.859501 0.795713 1.734257 -0.019325 -0.215413
0.075738 0.859519 0.795686 1.734220 -0.019384 -0.215381
0.075714 0.859537 0.795658 1.734182 -0.019444 -0.215349
0.075693 0.859554 0.795631 1.734144 -0.019503 -0.215319
0.075672 0.859571 0.795604 1.734106 -0.019561 -0.215289
0.075650 0.859588 0.795576 1.734069 -0.019621 -0.215260
0.075629 0.859605 0.795550 1.734031 -0.019680 -0.215231
0.075608 0.859621 0.795523 1.733994 -0.019740 -0.215202
