x y z alpha beta gamma
-0.10436683148145676 0.8853098750114441 0.631260097026825 1.5800738138930404 0.000891133855812274 0.008160112054291365
-0.09582779556512833 0.8817577958106995 0.6212156414985657 1.5669629837321566 0.0001065988718633699 -0.0030859625042011815
-0.09580356627702713 0.8817627429962158 0.6211745142936707 1.5669496011372217 0.00020320319196781133 -0.0030819885352623925
-0.09577926993370056 0.881767749786377 0.6211332678794861 1.5669361346519137 0.00029947079010551094 -0.0030780966122864665
-0.09575533866882324 0.8817728757858276 0.6210917830467224 1.5669226679751265 0.00039637903588413576 -0.0030737302625287503
-0.095730721950531 0.881777822971344 0.6210505366325378 1.5669093700289147 0.0004933732757752784 -0.003069964701554836
-0.10279794782400131 0.8826040625572205 0.6144950985908508 1.5582818321806544 -7.505386158993168e-05 0.0055166599297816815
-0.10277417302131653 0.882608950138092 0.6144542694091797 1.5582691191667404 2.2093944071263703e-05 0.005520656684126604
-0.10275053977966309 0.8826138377189636 0.614413321018219 1.55825640511432 0.00011910505388466338 0.005524767950037421
-0.10272665321826935 0.8826186656951904 0.6143726110458374 1.5582439461348279 0.00021658385456412618 0.005528659000955919
-0.10270257294178009 0.882623553276062 0.6143316626548767 1.5582311503053783 0.00031405946396239416 0.005532225618946425
-0.1026788279414177 0.8826285004615784 0.6142909526824951 1.5582184382647348 0.00041137529348862453 0.00553638165219283
-0.10265500098466873 0.8826333284378052 0.6142498254776001 1.558205812432384 0.000509065442465377 0.005540321332194642
-0.10263113677501678 0.882638156414032 0.6142086386680603 1.558192849403073 0.0006066204621693447 0.005544136390665412
-0.10260718315839767 0.8826430439949036 0.6141676306724548 1.5581803077275052 0.0007041845824399917 0.00554802640822856
-0.0951288565993309 0.8820070624351501 0.6263763904571533 1.573865925553712 0.0005812509175116818 -0.0039352187254176425
-0.09510347992181778 0.8820121884346008 0.6263343095779419 1.5738521627659205 0.0006791427342864519 -0.003931535619321151
-0.09507858753204346 0.8820173740386963 0.6262925267219543 1.5738384853367178 0.0007768342100000211 -0.003927384756034132
-0.09505318850278854 0.8820224404335022 0.6262508034706116 1.5738248922711064 0.0008746583526122744 -0.003923697783710314
-0.09502927213907242 0.8820255994796753 0.6262169480323792 1.5738100899519754 0.0009423584018923747 -0.003928760122879756
-0.09503693878650665 0.882034957408905 0.6261943578720093 1.5738193520198418 0.001044681518398474 -0.0038863222363993083
-0.09506949782371521 0.8820605278015137 0.6261491179466248 1.5737971391089034 0.001128626523092885 -0.0038235386101190864
-0.09511750936508179 0.8820900917053223 0.6261079907417297 1.5737846119149477 0.0012268080544904979 -0.003739064750009609
-0.0951492115855217 0.8821144104003906 0.6260653734207153 1.5737710653066515 0.0013278044198461623 -0.0036712201380514186
-0.0951574370265007 0.88213050365448 0.6260232925415039 1.573758350026482 0.001428602988202741 -0.003629721161634945
-0.09893808513879776 0.8825151920318604 0.638112485408783 1.5873126540340845 -0.004356031575143115 0.001155530937243949
-0.10591316968202591 0.8841655850410461 0.6110354661941528 1.553953862137924 6.620602621868993e-05 0.009935457443643167
-0.08309055119752884 0.8774917125701904 0.6288107633590698 1.5760047979993463 -0.0020392679329368523 -0.019875571022811973
-0.09577618539333344 0.8790646195411682 0.6364496946334839 1.5861799885213554 0.0002122162074558447 -0.004368056767861054
-0.08837882429361343 0.8765538334846497 0.6242690086364746 1.5706997942830596 0.00012198417412860416 -0.014047577842988055
-0.09588052332401276 0.8777441382408142 0.6180012226104736 1.5625554916455804 -0.0002242215361766386 -0.0046459059222890425
-0.09543934464454651 0.8776017427444458 0.6179878115653992 1.5625764991241136 -0.0001139619510594531 -0.005099997700762135
-0.09517376869916916 0.8775743246078491 0.6177986264228821 1.5625189949934024 0.00034380812194651704 -0.005252024349223805
-0.09515118598937988 0.8775765895843506 0.6177601218223572 1.5625148253501309 0.000456056525334148 -0.005240563723494917
-0.0951547846198082 0.8775357604026794 0.617895245552063 1.562734366788089 0.0006422836394233806 -0.005178889988591702
-0.08612251281738281 0.8760733008384705 0.6297280788421631 1.5781290664434773 0.0009063654085718863 -0.01671772873088073
-0.0951627865433693 0.877535879611969 0.6178785562515259 1.5626301241583347 0.00039805329412338016 -0.005239913692789923
-0.0953819677233696 0.8776319622993469 0.6178274750709534 1.5624959446989013 0.00017219426553853764 -0.005076458978408382
-0.09538038820028305 0.8776096105575562 0.617900013923645 1.5625355338175149 5.0272571872742956e-05 -0.00511628261496912
-0.09530815482139587 0.8775755763053894 0.6179322004318237 1.5625357202772443 -5.475824559409984e-05 -0.005229989637942866
-0.09524865448474884 0.8775484561920166 0.6179559826850891 1.5625452961520399 -0.00010501465954815832 -0.0053119549611822916
-0.09817095100879669 0.8823316693305969 0.6218734383583069 1.568479767579992 0.0023505478468748772 -0.0001414926815490275
-0.09138894081115723 0.8785194754600525 0.6221893429756165 1.567389316381688 -0.002079497880768943 -0.009499038634433216
-0.09618984907865524 0.881912112236023 0.6132950186729431 1.5574381828081283 0.0013722431668468584 -0.002348789903615605
-0.10168704390525818 0.8823578357696533 0.6292905807495117 1.5770482799618055 -0.0005611844807103379 0.00408188311874559
-0.10132965445518494 0.8806151151657104 0.6127921342849731 1.5576489987480808 0.005310150013574115 0.002996184899252326
-0.10305245965719223 0.8830071687698364 0.6312053799629211 1.5794578575093166 -0.0015943869802187473 0.005987123884869594
-0.09573044627904892 0.8817283511161804 0.6437041163444519 1.5950254994713717 -0.0019810441999466087 -0.0034001197225420115
-0.09533930569887161 0.8801277875900269 0.6274732947349548 1.5761887184506023 0.003886275138492054 -0.0043763417882084505
-0.10056868195533752 0.8851889967918396 0.6359825134277344 1.586129525895934 0.00032007697927352867 0.003683585820448173
-0.10109979659318924 0.8851334452629089 0.6372492909431458 1.5872785811575307 -0.0002734275486109697 0.004333902461598586
-0.10657919943332672 0.887717068195343 0.6381769180297852 1.5886251319860962 -0.000829251028295732 0.011637292712544576
-0.09758157283067703 0.8796921968460083 0.632030189037323 1.5812584761409754 0.0013531515743444424 -0.001769478687391996
-0.09829018265008926 0.8794649243354797 0.633307933807373 1.5824658507776268 0.0006312246593954456 -0.0010533667950132907
-0.0990346148610115 0.8791847229003906 0.6345755457878113 1.5836693506782087 -0.00013664957071020406 -0.00033803613723038873
-0.10328637808561325 0.8863136768341064 0.6287708878517151 1.5765745762667045 -0.0016236276125254447 0.007643140359426528
-0.10401458293199539 0.8859337568283081 0.6299914121627808 1.5777471195669017 -0.002419252743217433 0.008272218818181439
-0.09846106916666031 0.884393572807312 0.6375728845596313 1.5873572428262614 -0.002404139512324715 0.0013035770206404308
-0.1021338701248169 0.8865264654159546 0.6292025446891785 1.577564221016328 0.0005380580260777951 0.006235643347907415
-0.1029863953590393 0.8859528303146362 0.63045734167099 1.5788217733648033 -0.00038410205867694236 0.006879192313636389
-0.10016737133264542 0.8819661140441895 0.6181020736694336 1.5620505181729814 -0.0030788610005540577 0.0029806554781986565
-0.09064335376024246 0.8745296597480774 0.6205384731292725 1.5655410146711513 -0.000638683098609558 -0.011025195781124889
-0.09169767051935196 0.8737857341766357 0.6219552159309387 1.5670323650698663 -0.0017135711649954406 -0.010299917643765347
-0.10680068284273148 0.8869006633758545 0.631771445274353 1.580545234689827 0.0005314920740761329 0.011909831894968434
-0.09927179664373398 0.8826532363891602 0.6305035352706909 1.578177036406682 -0.0018472738067411482 0.0020839433127967898
-0.09364758431911469 0.8793569803237915 0.6164012551307678 1.5610730095042082 0.0003185914533142647 -0.005587980766438056
-0.10699361562728882 0.8849536180496216 0.6225239634513855 1.5687322975435765 0.00046322416109124726 0.01136888009996836
-0.09644683450460434 0.881690502166748 0.6188810467720032 1.5650831156629097 0.0025214519972948874 -0.0015562797206211344
-0.09769415110349655 0.8805738091468811 0.6201958656311035 1.566531880451904 0.001232905552342676 -0.0008590719843544758
-0.10290669649839401 0.885010838508606 0.6236096620559692 1.5694669580621161 -0.0018665179675564929 0.007096676063064708
-0.0995757132768631 0.878208339214325 0.6235085129737854 1.5692739997946197 -0.0014572283593920921 0.0006697149922025077
-0.10594818741083145 0.886658251285553 0.6259521842002869 1.5734140861845927 5.7108719163559165e-05 0.011039260440946686
-0.10677347332239151 0.8853736519813538 0.6270376443862915 1.57403598814025 -0.00034862696640931574 0.011424084198330057
-0.10328588634729385 0.8854166865348816 0.6154516339302063 1.5598285478669531 -0.0004489830263876023 0.007953050239110035
-0.0988655686378479 0.8847726583480835 0.6229680180549622 1.5692819213230822 -0.0005723760873411883 0.0025930313265417762
-0.09980669617652893 0.8805397152900696 0.6247149705886841 1.572336990728797 0.001783912069686632 0.001636567399424569
-0.09991944581270218 0.8805505037307739 0.6247941255569458 1.5723568476314331 0.0015793905439245909 0.0016957172252946159
-0.10001889616250992 0.8805696964263916 0.6248356103897095 1.572375215840656 0.0014963167512102814 0.0017794044186136958
-0.10006791353225708 0.8805800080299377 0.6248538494110107 1.5723822919481223 0.0014568950619884805 0.0018212851552068979
-0.10008911788463593 0.8805839419364929 0.6248630285263062 1.5723861644834052 0.0014377793929873713 0.0018385776249034526
-0.10010087490081787 0.8805866241455078 0.6248664855957031 1.5723869221315858 0.0014287588098771346 0.0018486985426549155
-0.10010936111211777 0.8805892467498779 0.6248671412467957 1.5723862500542634 0.0014249371804341462 0.001856846325166982
-0.10011646151542664 0.880591630935669 0.6248668432235718 1.57238515702018 0.0014225948935279022 0.0018639122192698964
-0.0999891459941864 0.8841983079910278 0.6258640885353088 1.5738514038427567 0.001692699927978495 0.003104829976427753
-0.0995023176074028 0.8854613900184631 0.6185701489448547 1.5641411967044785 0.0003750576997747531 0.0034008706239976555
-0.09531111270189285 0.8807734251022339 0.6246376633644104 1.5707464721847049 -0.0007977711020808703 -0.0032884988549047125
-0.1073087751865387 0.8869893550872803 0.6173869371414185 1.5622462963627362 -0.00032031059520770824 0.012677020731668275
-0.09818241745233536 0.881829559803009 0.6344404220581055 1.5832887767779178 -0.0009886641151626782 -8.289509651712007e-05
-0.09644020348787308 0.8780444264411926 0.6199103593826294 1.5654831672699379 0.0005601883787854627 -0.003118757706385849
-0.10399340838193893 0.889171302318573 0.638036847114563 1.5883879073963703 -0.0008975532865762733 0.00941455286816743
-0.09619022905826569 0.8798751831054688 0.6290746927261353 1.5763840463751884 -0.0024085411937963238 -0.0030439901974390958
-0.0950470119714737 0.8815615177154541 0.6318011283874512 1.5795802065848636 -0.0032826024439236864 -0.003697723976368584
-0.10244476795196533 0.8858259320259094 0.6332220435142517 1.5820595361955603 -0.001671964258462213 0.006536865119159414
-0.09626239538192749 0.8807764053344727 0.6245740652084351 1.571734455234093 0.0013293562163918578 -0.0028827233189082364
-0.10474037379026413 0.8843942880630493 0.6283342242240906 1.5758716991029769 -0.000383855006262467 0.00834949753790232
-0.11153656989336014 0.8854266405105591 0.6202845573425293 1.5665610956438156 0.0019435031285605583 0.016571793826592556
-0.0879206657409668 0.8760819435119629 0.6329008936882019 1.5808443033909454 -0.0027710684122431535 -0.014020222578880812
-0.08803937584161758 0.8760972619056702 0.6330032348632812 1.5808143503878644 -0.0031958050449718816 -0.014036372517596363
-0.10807633399963379 0.8879293203353882 0.6217151880264282 1.5691778967658454 0.004399987977494591 0.013317802145242754
-0.10502033680677414 0.8849042654037476 0.6270396113395691 1.5746961105413393 0.0004494532585517717 0.008908836339011947
-0.09604374319314957 0.8814502954483032 0.6240612864494324 1.5698832358607095 -0.002352741050389671 -0.0027058186680842243
-0.09518453478813171 0.87679123878479 0.621094286441803 1.567046909467658 0.0010854687863719235 -0.0053134070907242805
-0.08654015511274338 0.8732488751411438 0.6183760166168213 1.5624916897815162 -0.0018325594527268943 -0.01660194708035142
-0.08890090137720108 0.8761121034622192 0.6331622004508972 1.5817318409550127 -0.0009990992671853596 -0.013103684596535577
-0.10334490984678268 0.8816953301429749 0.611815333366394 1.5556391001870016 0.0017859308908866425 0.005861073551841141
-0.09682384133338928 0.881496787071228 0.6239218711853027 1.570679696754088 0.00044956344776000967 -0.0017305079521500407
-0.11276528239250183 0.8858644366264343 0.6211522817611694 1.5669626361367217 0.00031831496719337296 0.018432054465870203
-0.09697968512773514 0.8814834356307983 0.6249595284461975 1.5710086277046071 -0.001990101473248994 -0.0014048693110406863
-0.09003214538097382 0.8761262893676758 0.6333909034729004 1.5826718643676208 0.000965027281888991 -0.011967424513721524
-0.08785315603017807 0.8732941150665283 0.6196707487106323 1.5638476494478448 -0.0022021571766401692 -0.01511545865072807
-0.09786159545183182 0.8814608454704285 0.6241037249565125 1.5715673686340956 0.0024015750944319713 -0.0007665496134235828
-0.1042676493525505 0.8816015720367432 0.6130352020263672 1.556906996685468 0.0014064409689712397 0.0068663264499029516
-0.0978098064661026 0.8813985586166382 0.6250735521316528 1.5718900732838468 0.00016080085385321944 -0.000604694201826471
-0.09817427396774292 0.8813740611076355 0.625527024269104 1.572020201784475 -0.000951365651811719 -0.000562145035712882
-0.08830870687961578 0.8731293678283691 0.6196308135986328 1.5647777290397675 0.0005366194527034725 -0.01455507827704253
-0.08861710131168365 0.873076856136322 0.6201319694519043 1.5649646265118176 -0.0005766095160617511 -0.014567635128101464
-0.09716872125864029 0.876560628414154 0.6236515045166016 1.5696564891110618 0.00011715680760882788 -0.0031644883485483937
-0.09544485062360764 0.8777198195457458 0.6106196641921997 1.5537025499628336 0.0011462190243852189 -0.004601156634750551
-0.10371660441160202 0.8868054151535034 0.6320005655288696 1.5808296245602054 -0.0011056346877354917 0.008024022052071023
-0.10071025043725967 0.88356614112854 0.6175687909126282 1.561365340185668 -0.00381649132304316 0.00400329883036427
-0.10360956937074661 0.8867433071136475 0.632897675037384 1.5810710613717454 -0.003315652708308056 0.008116354963384188
-0.10392257571220398 0.8867011070251465 0.6333367824554443 1.581176397355531 -0.004443176583591076 0.008087604874496935
-0.09393443912267685 0.8784541487693787 0.6273437142372131 1.573777529672967 -0.0032254701676880256 -0.006043892553737468
-0.0962609127163887 0.8812372088432312 0.6418739557266235 1.5926623096800958 -0.002481589485308598 -0.002633010478471946
-0.0941617339849472 0.8786337971687317 0.6270741820335388 1.573322305827177 -0.003680866962493554 -0.005963889393843726
-0.09376414865255356 0.8784144520759583 0.627313494682312 1.573746955892863 -0.0032148267190550235 -0.006236299806901732
-0.09370090067386627 0.8783398866653442 0.6274639368057251 1.5738977017819642 -0.0032631442301503 -0.006315560570626421
-0.10607540607452393 0.8844975233078003 0.6183222532272339 1.5635581379027497 -0.0002863003953646523 0.01022922604545209
-0.10338667780160904 0.885236382484436 0.6298263072967529 1.5781695720711901 -0.0009357613281088502 0.007183577688903113
-0.10462106764316559 0.8848423957824707 0.6311842203140259 1.5796521752208497 -0.001394312514389607 0.008447963108145594
-0.10202144086360931 0.8857062458992004 0.6294391751289368 1.5786172724559073 0.002396382620733947 0.0057970965491061415
-0.09970380365848541 0.8818970918655396 0.6169516444206238 1.5616840789868676 -0.0003320228960269669 0.0023964385398218525
-0.0957336276769638 0.8751639723777771 0.6128480434417725 1.5564740611727184 0.0013807767815370356 -0.005014094462681852
-0.10074011981487274 0.8829056024551392 0.6296880841255188 1.5773381639223427 -0.0011284163907165875 0.0033756381880656154
-0.09479833394289017 0.8797193765640259 0.6150837540626526 1.5595637280391028 0.001291847076156676 -0.0044942589960214035
-0.10403839498758316 0.8826085329055786 0.6182590126991272 1.5640262119434059 0.001875018270283291 0.007276933754545053
-0.10538136214017868 0.8869428634643555 0.6216567158699036 1.5668140347943609 -0.0031070241369439327 0.010759111098334743
-0.10296215862035751 0.8871790766716003 0.6200891137123108 1.5664093703578903 0.0007516122842551447 0.008020331079980025
-0.09323491156101227 0.8758997321128845 0.6250150203704834 1.5720682531720902 0.0009754309232028605 -0.007759163005694917
-0.08551596105098724 0.872389554977417 0.6234883069992065 1.5690782215670835 -0.0015914657704147893 -0.017737685907810836
-0.09333677589893341 0.875533938407898 0.6262543201446533 1.5730551439719793 -0.0002262503939231238 -0.008022268133657404
-0.09381807595491409 0.8764488697052002 0.6298946738243103 1.577362542983949 -0.0011509205024392436 -0.006779224666204074
-0.09396781027317047 0.8765267133712769 0.6298133134841919 1.5772772700610385 -0.0011396811541049036 -0.006611805313120304
-0.09399401396512985 0.8765310645103455 0.6298258304595947 1.5773061787246676 -0.0010950816291179174 -0.006566228042318948
-0.09395477920770645 0.8765178322792053 0.6298243403434753 1.5773061841816662 -0.0010897392853927155 -0.006607426715477054
-0.09390503913164139 0.8765060901641846 0.6298092603683472 1.577298862796059 -0.0010605699165689092 -0.006653142333867179
-0.08544395118951797 0.8721417784690857 0.6241323947906494 1.5696681286472298 -0.0019793666043358945 -0.01792142530707813
-0.085453100502491 0.8721508383750916 0.6241143345832825 1.569658798291567 -0.0019469384031947016 -0.017900755429112913
-0.08547643572092056 0.8721659183502197 0.624093234539032 1.5696479620269808 -0.0019081810151193265 -0.01786227370727968
-0.08550991117954254 0.8721826076507568 0.624077558517456 1.5696435335018277 -0.0018705534750593615 -0.017812565203542786
-0.08553355187177658 0.8721966743469238 0.6240596771240234 1.569635662479534 -0.0018331077558358332 -0.017774032057663747
-0.0936417505145073 0.8756433725357056 0.6262201070785522 1.5730221837312541 -0.00021456519169381827 -0.007676620346636386
-0.09364096075296402 0.8756482005119324 0.6262040138244629 1.5730165640233256 -0.00017822004174066974 -0.007665597916968047
-0.09363622218370438 0.8756518959999084 0.6261880397796631 1.5730104415320936 -0.00014246370070472851 -0.007659175552148908
-0.10221973061561584 0.883318305015564 0.6148121356964111 1.5592840404325332 0.00031749840981861046 0.00573818502935559
-0.1056630089879036 0.8881749510765076 0.6306542158126831 1.5781084616857504 -0.0033878464980816652 0.011083289203594226
-0.10071386396884918 0.8851025700569153 0.6290724873542786 1.5769311757535962 -0.0006318746550351547 0.004495642430837917
-0.09225006401538849 0.8771196007728577 0.6273084878921509 1.573410244295209 -0.0036737268099396934 -0.008457851983727664
-0.10251657664775848 0.8846184015274048 0.6366785168647766 1.5863273665704616 -0.0009959215364399125 0.005846051730341476
-0.09679052233695984 0.878986656665802 0.6227954030036926 1.5689488733831558 0.000471314360861147 -0.002447723138322012
-0.09840155392885208 0.8807401657104492 0.6173976063728333 1.5616009600338385 -0.0007355200128874943 0.0001944151166726847
0.0 0.0 0.0 0.0 -0.0 0.0
-0.10105925798416138 0.8827010989189148 0.6225901246070862 1.5680613607036271 -0.002408569336684469 0.003890458708858445
0.0 0.0 0.0 0.0 -0.0 0.0
-0.09841842204332352 0.8837219476699829 0.6272256970405579 1.5751156440063394 0.0009099604325153902 0.0007845549597341572
-0.09627138823270798 0.879392683506012 0.6263949275016785 1.573017452432076 -0.0017059698325787222 -0.0035364660025752896
-0.0961458832025528 0.8791190981864929 0.6158138513565063 1.5600083065171437 0.0005934812655048466 -0.003552890463296952
-0.09283412992954254 0.8789430260658264 0.629599392414093 1.5773777435552525 -0.0014016716655977412 -0.00751693609748757
0.0 0.0 0.0 0.0 -0.0 0.0
-0.09906815737485886 0.8817299604415894 0.6249988675117493 1.5709627570922389 -0.0024424954138355195 0.001007179937206395
-0.10468477010726929 0.8846585750579834 0.6296300888061523 1.5776024267388387 -0.00014023913246478335 0.008687926969427636
-0.10006339848041534 0.8820981383323669 0.6160791516304016 1.5609968614231846 0.0018348794161069607 0.0021823601291853976
0.0 0.0 0.0 0.0 -0.0 0.0
0.0 0.0 0.0 0.0 -0.0 0.0
0.0 0.0 0.0 0.0 -0.0 0.0
0.0 0.0 0.0 0.0 -0.0 0.0
0.0 0.0 0.0 0.0 -0.0 0.0
-0.10052045434713364 0.8809918761253357 0.6233758926391602 1.5695524164366474 -0.000401375591792265 0.002456386575630339
0.0 0.0 0.0 0.0 -0.0 0.0
0.0 0.0 0.0 0.0 -0.0 0.0
0.0 0.0 0.0 0.0 -0.0 0.0
0.0 0.0 0.0 0.0 -0.0 0.0
0.0 0.0 0.0 0.0 -0.0 0.0
-0.09697023779153824 0.8795039653778076 0.6222447752952576 1.5673772462403763 -0.0015342559068739783 -0.002146468281153359
0.0 0.0 0.0 0.0 -0.0 0.0
-0.09698203951120377 0.8834394812583923 0.6193358302116394 1.5648923320995214 0.0013374347330847186 -0.00045903010351855405
0.0 0.0 0.0 0.0 -0.0 0.0
0.0 0.0 0.0 0.0 -0.0 0.0
0.0 0.0 0.0 0.0 -0.0 0.0
0.0 0.0 0.0 0.0 -0.0 0.0
0.0 0.0 0.0 0.0 -0.0 0.0
0.0 0.0 0.0 0.0 -0.0 0.0
0.0 0.0 0.0 0.0 -0.0 0.0
-0.09390805661678314 0.880711555480957 0.6218823194503784 1.5680579350322517 0.0004280384978137839 -0.005197271504386869
0.0 0.0 0.0 0.0 -0.0 0.0
0.0 0.0 0.0 0.0 -0.0 0.0
0.0 0.0 0.0 0.0 -0.0 0.0
0.0 0.0 0.0 0.0 -0.0 0.0
-0.11356145888566971 0.801130473613739 0.638251781463623 1.5786886931837538 -0.014910900871796659 -0.019009952451601003
-0.09426985681056976 0.8794616460800171 0.625826358795166 1.5725949696931287 -0.0005705000618845091 -0.004947053137025514
0.0 0.0 0.0 0.0 -0.0 0.0
-0.09241887927055359 0.8778287172317505 0.629730761051178 1.5787132780490776 0.002027558802741124 -0.008067306565184106
0.0 0.0 0.0 0.0 -0.0 0.0
0.0 0.0 0.0 0.0 -0.0 0.0
0.0 0.0 0.0 0.0 -0.0 0.0
0.0 0.0 0.0 0.0 -0.0 0.0
0.0 0.0 0.0 0.0 -0.0 0.0
0.0 0.0 0.0 0.0 -0.0 0.0
0.0 0.0 0.0 0.0 -0.0 0.0
0.0 0.0 0.0 0.0 -0.0 0.0
0.0 0.0 0.0 0.0 -0.0 0.0
0.0 0.0 0.0 0.0 -0.0 0.0
0.0 0.0 0.0 0.0 -0.0 0.0
0.0 0.0 0.0 0.0 -0.0 0.0
0.0 0.0 0.0 0.0 -0.0 0.0
0.0 0.0 0.0 0.0 -0.0 0.0
0.0 0.0 0.0 0.0 -0.0 0.0
0.0 0.0 0.0 0.0 -0.0 0.0
0.0 0.0 0.0 0.0 -0.0 0.0
0.0 0.0 0.0 0.0 -0.0 0.0
0.0 0.0 0.0 0.0 -0.0 0.0
-0.09825632721185684 0.8812903761863708 0.621759831905365 1.5671839442996494 -0.0013718400873894644 0.00032971412326984176
0.0 0.0 0.0 0.0 -0.0 0.0
0.0 0.0 0.0 0.0 -0.0 0.0
0.0 0.0 0.0 0.0 -0.0 0.0
0.0 0.0 0.0 0.0 -0.0 0.0
-0.11574579030275345 0.7788087129592896 0.655459463596344 1.6146812920520413 0.02209227256080653 -0.032317640980763555
-0.09434511512517929 0.879406213760376 0.6270447969436646 1.5751613614706435 0.0016741678620093878 -0.0049926093760513475
-0.09526720643043518 0.8829646110534668 0.6261516213417053 1.5736384764961167 0.0008843013179320277 -0.0022513855599188485
-0.09817130863666534 0.8795473575592041 0.6237305402755737 1.5690860783535794 -0.0025135863880724166 -0.0004599516313750197
-0.10027249157428741 0.8841745853424072 0.619337797164917 1.566487076308724 0.005218847183292356 0.0035675316399809134
-0.09651211649179459 0.8799627423286438 0.6257463693618774 1.5717297211244625 -0.0024578509552375914 -0.001996486682036429
0.0 0.0 0.0 0.0 -0.0 0.0
0.0 0.0 0.0 0.0 -0.0 0.0
0.0 0.0 0.0 0.0 -0.0 0.0
0.0 0.0 0.0 0.0 -0.0 0.0
0.0 0.0 0.0 0.0 -0.0 0.0
0.0 0.0 0.0 0.0 -0.0 0.0
0.0 0.0 0.0 0.0 -0.0 0.0
0.0 0.0 0.0 0.0 -0.0 0.0
0.0 0.0 0.0 0.0 -0.0 0.0
0.0 0.0 0.0 0.0 -0.0 0.0
0.0 0.0 0.0 0.0 -0.0 0.0
0.0 0.0 0.0 0.0 -0.0 0.0
0.0 0.0 0.0 0.0 -0.0 0.0
0.0 0.0 0.0 0.0 -0.0 0.0
-0.09780893474817276 0.8842120170593262 0.6272921562194824 1.57604783119983 0.003512243216741809 0.0008597249541042703
0.0 0.0 0.0 0.0 -0.0 0.0
0.0 0.0 0.0 0.0 -0.0 0.0
-0.09544457495212555 0.8832231760025024 0.6324284672737122 1.5813105789909327 8.92903244672306e-05 -0.00205607186871445
0.0 0.0 0.0 0.0 -0.0 0.0
0.0 0.0 0.0 0.0 -0.0 0.0
0.0 0.0 0.0 0.0 -0.0 0.0
0.0 0.0 0.0 0.0 -0.0 0.0
-0.12987752258777618 0.7869614362716675 0.667574942111969 1.6257953489096135 0.00645129307397585 -0.008049942701107652
-0.12636713683605194 0.7829692363739014 0.6723510026931763 1.631973011771616 0.004175576871809686 -0.014388088168331961
-0.13196487724781036 0.78789222240448 0.6811558604240417 1.644100112974199 0.003387745653354115 -0.004458529434488415
0.0 0.0 0.0 0.0 -0.0 0.0
-0.09830500930547714 0.8800916075706482 0.6259370446205139 1.5718631293855228 -0.002170364845981162 9.529644533456303e-05
-0.10329557210206985 0.8836547136306763 0.6166267991065979 1.5616044588029314 0.0014366251167501846 0.006963386467336711
-0.10299697518348694 0.8876388072967529 0.6254711151123047 1.5731111778407114 0.0007709717241906976 0.007982678386329796
-0.09737572818994522 0.8841490745544434 0.6210863590240479 1.566790477833669 -0.0006713290563773324 0.00037299189900988865
-0.09839988499879837 0.8832526206970215 0.6386590003967285 1.58911543828644 -0.0010136125632724613 0.0008793425673711496
0.0 0.0 0.0 0.0 -0.0 0.0
-0.09493698179721832 0.8792728781700134 0.6296807527542114 1.577008202997142 -0.0017279928363637981 -0.004382809736515669
-0.10332018882036209 0.8835037350654602 0.6180212497711182 1.5639255589972247 0.0024514504584124664 0.006518877589276579
-0.10292855650186539 0.8836020231246948 0.6259725093841553 1.5741405338473997 0.003209902803744401 0.0059364934373645215
-0.09641136974096298 0.8788614869117737 0.6138891577720642 1.5575128171789705 0.0003940544924904506 -0.0028712194764371024
0.0 0.0 0.0 0.0 -0.0 0.0
-0.10309881716966629 0.8818521499633789 0.615874171257019 1.5609760738601863 0.002660068766373335 0.005806705387662035
-0.09745460003614426 0.8814831376075745 0.6260941624641418 1.574163121554217 0.002869278432803437 -0.001164891359159751
-0.10242978483438492 0.8815951943397522 0.6159929633140564 1.561063241710151 0.0025319039089610573 0.005031832337690277
-0.09737082570791245 0.8814764022827148 0.6260308623313904 1.5740999281456827 0.002890294732167317 -0.0012544977847041292
-0.09730380773544312 0.8814520835876465 0.6260353326797485 1.57411987706276 0.0029346870828367596 -0.0013127082220217628
-0.0992455929517746 0.8808174729347229 0.6253616809844971 1.571926977509377 -0.0004378764880561118 0.0010679033032940815
-0.09943096339702606 0.8828928470611572 0.614818274974823 1.5597637461916256 0.0016413091753212695 0.002276625973085036
-0.10564939677715302 0.8871036171913147 0.6295139193534851 1.5763235993950917 -0.0039067548714773696 0.010725741304059717
-0.10070938616991043 0.8851633071899414 0.6405686140060425 1.5904415416949897 -0.003906525980317536 0.004271741539965313
-0.0986902192234993 0.8805668354034424 0.6280778646469116 1.575941989522766 0.0011742714367385155 0.00019730610409010105
-0.09898868203163147 0.87943434715271 0.6290737390518188 1.577084567521829 0.00016640641755967796 5.802026301243509e-05
-0.09994187206029892 0.8841965794563293 0.620820164680481 1.5666359196003241 -0.00014855857969778256 0.003384392501303181
-0.09506742656230927 0.8762960433959961 0.6174418926239014 1.5624750782136854 0.0012110470868618242 -0.005246112148394274
-0.10391782224178314 0.8847635388374329 0.6140490770339966 1.55881068446556 0.0019541535263961603 0.008288163368947714
-0.09557993710041046 0.8793105483055115 0.6344327926635742 1.5827664624472537 -0.0027825657831419214 -0.003749161978535275
-0.10037477314472198 0.8817324042320251 0.6264153122901917 1.573514390172133 0.0002002199073167206 0.0026252448114155416
-0.09792894124984741 0.8813386559486389 0.6252899765968323 1.5738942829194784 0.0039062852424390174 -0.0002656373988747656
-0.09362608939409256 0.8807535767555237 0.638352632522583 1.5868691498692185 -0.005068022224251848 -0.004864262982157382
-0.09869962185621262 0.8830769658088684 0.6301487684249878 1.5775291454197573 -0.002138896194887075 0.001646592132481371
-0.10846114903688431 0.8917641043663025 0.6262608170509338 1.5733784446410022 -0.0014459422855123652 0.01592596736837203
-0.09785108268260956 0.8808159828186035 0.6309327483177185 1.5793421067551192 9.941384788964672e-05 -0.0005156982809140621
-0.09532704949378967 0.8792752623558044 0.6207897663116455 1.5670977640761043 0.0016001610066345587 -0.0036857367092856057
-0.09977555274963379 0.883281409740448 0.6244150996208191 1.5704405713582612 -0.0016226672022509369 0.003264445215408192
-0.09704041481018066 0.8812713623046875 0.6143803596496582 1.5584475761986907 -0.00010746685461139496 -0.00032343376225533674
-0.09446514397859573 0.8788596987724304 0.622627317905426 1.5682966476116438 -0.0006722742323304649 -0.004433767014194822
-0.09658675640821457 0.8780479431152344 0.6268671751022339 1.5724320753939038 -0.0028086627727337797 -0.002359764141950558
-0.10199484974145889 0.8855247497558594 0.6286261677742004 1.5761753095404856 -0.001098727959087109 0.006604078972368235
-0.1036616712808609 0.8834782838821411 0.63045334815979 1.5774260816428516 -0.002935568787587585 0.007183122738813273
-0.15809598565101624 0.8043665885925293 0.6810339093208313 1.6361671265939084 -0.012728438072638711 0.027338468672016537
-0.16910725831985474 0.8118996620178223 0.6692085862159729 1.6238692932656562 -0.002627894779973138 0.04383720279706762
-0.0971909761428833 0.8821561932563782 0.6293734908103943 1.5765557604383469 -0.0017487374072052127 -0.000257590984744001
0.0 0.0 0.0 0.0 -0.0 0.0
-0.1076938584446907 0.887692391872406 0.6266949772834778 1.572399171420446 -0.0030970303777213205 0.013634319979165673
-0.17248207330703735 0.812746524810791 0.6718055605888367 1.627469555568699 -0.0033512631041698417 0.04626338344660417
-0.09128779917955399 0.8762637376785278 0.6324235796928406 1.5795035740937522 -0.0032884892293804984 -0.008720146092066524
-0.10010866820812225 0.8837665319442749 0.6278644800186157 1.5740917356509352 -0.0026454493965246796 0.0037441880611080594
-0.09444686770439148 0.8777786493301392 0.6187773942947388 1.563264415962055 -0.0013398603343860948 -0.004436742805614108
-0.09206043183803558 0.8800268769264221 0.6276914477348328 1.572988239830046 -0.005022167712114752 -0.005709779522432445
-0.10457036644220352 0.8841990828514099 0.6221175789833069 1.5671368629413494 -0.0019020225819915506 0.008844952745153432
0.0 0.0 0.0 0.0 -0.0 0.0
0.0 0.0 0.0 0.0 -0.0 0.0
0.0 0.0 0.0 0.0 -0.0 0.0
0.0 0.0 0.0 0.0 -0.0 0.0
0.0 0.0 0.0 0.0 -0.0 0.0
0.0 0.0 0.0 0.0 -0.0 0.0
0.0 0.0 0.0 0.0 -0.0 0.0
0.0 0.0 0.0 0.0 -0.0 0.0
0.0 0.0 0.0 0.0 -0.0 0.0
0.0 0.0 0.0 0.0 -0.0 0.0
0.0 0.0 0.0 0.0 -0.0 0.0
0.0 0.0 0.0 0.0 -0.0 0.0
0.0 0.0 0.0 0.0 -0.0 0.0
0.0 0.0 0.0 0.0 -0.0 0.0
0.0 0.0 0.0 0.0 -0.0 0.0
0.0 0.0 0.0 0.0 -0.0 0.0
0.0 0.0 0.0 0.0 -0.0 0.0
0.0 0.0 0.0 0.0 -0.0 0.0
0.0 0.0 0.0 0.0 -0.0 0.0
0.0 0.0 0.0 0.0 -0.0 0.0
0.0 0.0 0.0 0.0 -0.0 0.0
0.0 0.0 0.0 0.0 -0.0 0.0
0.0 0.0 0.0 0.0 -0.0 0.0
0.0 0.0 0.0 0.0 -0.0 0.0
0.0 0.0 0.0 0.0 -0.0 0.0
0.0 0.0 0.0 0.0 -0.0 0.0
0.0 0.0 0.0 0.0 -0.0 0.0
0.0 0.0 0.0 0.0 -0.0 0.0
0.0 0.0 0.0 0.0 -0.0 0.0
0.0 0.0 0.0 0.0 -0.0 0.0
0.0 0.0 0.0 0.0 -0.0 0.0
0.0 0.0 0.0 0.0 -0.0 0.0
0.0 0.0 0.0 0.0 -0.0 0.0
0.0 0.0 0.0 0.0 -0.0 0.0
0.0 0.0 0.0 0.0 -0.0 0.0
0.0 0.0 0.0 0.0 -0.0 0.0
0.0 0.0 0.0 0.0 -0.0 0.0
0.0 0.0 0.0 0.0 -0.0 0.0
0.0 0.0 0.0 0.0 -0.0 0.0
-0.10360195487737656 0.8880327939987183 0.6239452362060547 1.570301471971446 -0.0007595329721802918 0.009662905880362204
-0.10211611539125443 0.8857212066650391 0.6217919588088989 1.5659982454913506 -0.004302575610489329 0.007070860538749068
-0.10169031471014023 0.8835678696632385 0.6280627846717834 1.5755440595150885 0.00010450037745064238 0.005529631529081275
-0.09194733202457428 0.8795779347419739 0.624752402305603 1.5718509674996584 0.0007096310870692816 -0.006549062670901336
-0.09953972697257996 0.8817614316940308 0.6248511075973511 1.5711499428805746 -0.0018498075368978322 0.0024568217334456077
-0.10060356557369232 0.88374263048172 0.6226059794425964 1.5690927783780926 5.142762524471937e-05 0.0045137249041534
-0.09861186146736145 0.8829600811004639 0.6318759918212891 1.5788838642287828 -0.003037755483377224 0.0020910093907292294
-0.09657440334558487 0.8816993236541748 0.6287318468093872 1.5763705657770746 -0.0009822583731960348 -0.0009740849351863235
-0.09418625384569168 0.8801292181015015 0.6377959847450256 1.5862841921136417 -0.0037583502690154264 -0.0041435685154936714
-0.09578665345907211 0.8817088007926941 0.6237787008285522 1.5717987385591574 0.003388531010653571 -0.00199649430791028
-0.09671320021152496 0.8791369199752808 0.6231400966644287 1.5695533517700764 0.000547477865432077 -0.0023873271490835795
-0.09405845403671265 0.8769550919532776 0.6320233941078186 1.5797759228192405 -0.0018048549592680975 -0.006034675938684
-0.10415753722190857 0.8870975375175476 0.6205682754516602 1.5680634245859357 0.003713145372215377 0.00922676585265345
-0.09247319400310516 0.8768688440322876 0.6293031573295593 1.5752259394617067 -0.004771289050514488 -0.007673436120611076
-0.09841807186603546 0.883137047290802 0.6292282342910767 1.5756985917758854 -0.0038969237768060635 0.0014807658263081634
-0.10997949540615082 0.8898299336433411 0.6220969557762146 1.567053612987956 -0.003671889083577632 0.016995860897097453
0.0 0.0 0.0 0.0 -0.0 0.0
-0.09125784039497375 0.8788627982139587 0.6326620578765869 1.5806188912836097 -0.0027745699985159225 -0.008520268223748963
-0.09790603071451187 0.8787071108818054 0.6206408739089966 1.5664432762171876 0.00020751419795151066 -0.0011551453422428016
-0.10579870641231537 0.8848848342895508 0.625421404838562 1.5724452346900368 0.0008501687596832868 0.009761230100035935
-0.09757636487483978 0.8818607926368713 0.6341693997383118 1.5822497172998031 -0.003670339109246989 -0.00022237575718240748
-0.10293272137641907 0.8877987861633301 0.621472179889679 1.5679144446973794 0.00040480827125723574 0.007783207740439286
-0.10422626882791519 0.8824953436851501 0.6200913786888123 1.565808159310021 -0.00024438127523191376 0.007304919707419935
-0.08905503153800964 0.8783552050590515 0.6233291625976562 1.5700158934982205 1.919177564911637e-05 -0.011774368386848992
-0.10640775412321091 0.8863196969032288 0.6356443762779236 1.58389665338646 -0.004437879787483292 0.011015697058502052
-0.10010185837745667 0.885338306427002 0.6417654752731323 1.5919990403170978 -0.003780166874244164 0.0032872514389359906
-0.08252930641174316 0.8738353848457336 0.6323217153549194 1.5800499805116304 -0.0033392880033365725 -0.02110664101779165
-0.10351602733135223 0.8829929232597351 0.6187655329704285 1.5644713078964911 0.0005744019781647943 0.006771122286675496
-0.09760625660419464 0.8821401596069336 0.625878095626831 1.5734273019539122 0.000273310729146932 -0.0006209933460679964
-0.09778330475091934 0.8827527761459351 0.6309459805488586 1.579208532442531 -0.0015708537873029991 -0.00011290574913290694
-0.09745943546295166 0.8820822834968567 0.6267535090446472 1.573689178789981 -0.0018322406659794697 -0.000524024278299445
-0.10664432495832443 0.8860475420951843 0.6350622773170471 1.584145623308912 -0.0020901695513709136 0.011150395589019303
-0.09150468558073044 0.8814201354980469 0.6386891603469849 1.5880975586653328 -0.003889038941997987 -0.007799100929594584
-0.10642828792333603 0.8859558701515198 0.6359350085258484 1.5843924054604521 -0.0042043625574078045 0.011146331596040737
-0.10764303803443909 0.8899704813957214 0.6320483088493347 1.5812331043711252 -0.0003310384149437837 0.01377748434827653
-0.08926431834697723 0.878027617931366 0.6235625147819519 1.5702240071960887 -0.0005114088898135292 -0.011711804038459077
-0.10369721055030823 0.8822982311248779 0.6201598048210144 1.5658000559681582 -0.00047584213620167735 0.006655713928069251
-0.09789223968982697 0.8814237117767334 0.6273255944252014 1.5747980237143206 -0.0008453631332303555 -0.0006434156914887293
-0.0980737954378128 0.8822441697120667 0.6317357420921326 1.5799343455573955 -0.0023775448130711734 -3.1963682668352354e-05
-0.09795764833688736 0.8822110295295715 0.6317355036735535 1.5801359094708498 -0.0017929060029713677 3.138035267100083e-05
-0.09768670052289963 0.8813630938529968 0.6273158192634583 1.5748129966305897 -0.000766313464360634 -0.0008475665022278937
-0.0977371484041214 0.8813621997833252 0.6273618340492249 1.5748579129897289 -0.0007854581386148116 -0.0007956735910858358
-0.09783730655908585 0.8814107775688171 0.6273154020309448 1.574823791971959 -0.0007357409285085564 -0.0006697885529089724
-0.09789437055587769 0.8814318776130676 0.6273074150085449 1.5748275463667947 -0.0006983356449659694 -0.0005940161991282024
-0.09988174587488174 0.8811936378479004 0.6262304782867432 1.5730098566013893 -0.0009600085555853765 0.001454986364467165
-0.10911451280117035 0.8866914510726929 0.6206710338592529 1.5658536910041814 -0.002211566046053321 0.01450296233104586
-0.10035239160060883 0.8814107179641724 0.6297202706336975 1.5776482119552988 -0.0009834147072772567 0.0022915195393048006
-0.0964166596531868 0.8810358047485352 0.6240325570106506 1.5714029977588508 0.002198612394235547 -0.002522798314626974
-0.0956256166100502 0.876794695854187 0.6215181946754456 1.5673311707088282 0.0005047765515024935 -0.005001780446438757
-0.09641622751951218 0.8815308213233948 0.6241928339004517 1.5700417770913055 -0.002329603138477427 -0.002285028117779614
-0.09603540599346161 0.8814638257026672 0.6239985823631287 1.570008747141553 -0.0017832869109734302 -0.0025270830695445054
-0.11214941740036011 0.8858941197395325 0.6203632354736328 1.5661482924906611 0.00047001330239782843 0.01766734071561684
-0.09615419805049896 0.8813905715942383 0.6234952211380005 1.5701442253939253 0.0002561503500917238 -0.0026698615081285435
-0.09628468006849289 0.8815067410469055 0.623272180557251 1.5698158643385036 3.1934648503006886e-05 -0.0026039219053068724
-0.09644133597612381 0.8816272616386414 0.6230819821357727 1.5696147846189168 6.646732652123943e-05 -0.0024294704898881825
-0.09641151875257492 0.8816268444061279 0.6230576634407043 1.5696129206840705 0.00014318991990370556 -0.002438107130801582
-0.09633717685937881 0.8816090226173401 0.6230368614196777 1.5695993908273496 0.00017308087235344945 -0.0025111160992022947
-0.09626725316047668 0.8815922737121582 0.6230173707008362 1.5695896448235729 0.00020914382244833295 -0.0025770281215392256
-0.09455924481153488 0.8759579658508301 0.6184733510017395 1.5638222514229536 0.001706308214245365 -0.006403327411871324
-0.09471581131219864 0.8774388432502747 0.6246550679206848 1.5720650494073072 0.0022210416818861088 -0.005909991003966803
-0.0880417451262474 0.8740280270576477 0.6230613589286804 1.5691283500888384 0.0001643820855927801 -0.014518652513425448
-0.09358327090740204 0.8792456388473511 0.6306876540184021 1.578097324890834 -0.0033314414814558566 -0.006077616361005553
-0.09510692209005356 0.8791048526763916 0.6319137215614319 1.5793155300226016 -0.004127417100682885 -0.0045721225445310865
-0.09686937183141708 0.8827252984046936 0.6292173862457275 1.5777649428466922 -6.901368106339397e-05 -0.001180394618726689
-0.10045571625232697 0.8846336007118225 0.6210297346115112 1.5682777322978132 0.002943004248975546 0.003568051747731939
-0.0880422592163086 0.8745619654655457 0.614166796207428 1.5589251750946307 0.0029606467409227 -0.014252034304417805
-0.09734615683555603 0.8821996450424194 0.620448112487793 1.5660283845551308 -0.0001587603113923938 -0.0006443967104023187
-0.10124482959508896 0.8847067952156067 0.6346147060394287 1.5845529312023148 0.0007851522020082603 0.004670509792400817
-0.10470576584339142 0.8862894773483276 0.6264433264732361 1.575242223103155 0.0037126552309244922 0.009047950812971613
-0.1016230583190918 0.8818523287773132 0.6148972511291504 1.559543763497476 0.0008672003460972244 0.004613095870371598
-0.10239604115486145 0.8866002559661865 0.628714919090271 1.5758284741743318 -0.0018740139986923895 0.007259314548593538
-0.09853268414735794 0.8793576955795288 0.6245993971824646 1.5707842354662913 -0.0004209384926027284 -0.0002231393582490476
-0.09161847829818726 0.8749682307243347 0.6237037181854248 1.5687919245073991 -0.003221037675042473 -0.009552728643398362
0.0 0.0 0.0 0.0 -0.0 0.0
0.0 0.0 0.0 0.0 -0.0 0.0
0.0 0.0 0.0 0.0 -0.0 0.0
-0.09909528493881226 0.8823422193527222 0.6313439011573792 1.5797859560636922 -0.0004961583411248544 0.001659809626525502
-0.10527355223894119 0.8848437666893005 0.6223176717758179 1.5694347311746635 0.0026285276538404933 0.009248240429766366
-0.10512653738260269 0.8876841068267822 0.6220441460609436 1.567905974148118 -0.0016624076184356192 0.01100612127537372
-0.09440276771783829 0.8769837617874146 0.6271342039108276 1.574258431560509 -0.00026000231020443154 -0.0056689377019148125
-0.09693042933940887 0.8823913931846619 0.6211072206497192 1.5668369610548913 -0.001011568750948009 -0.0003265464008523183
-0.10271348804235458 0.8846293091773987 0.6341828107833862 1.5830119615211875 -0.0008191913180496776 0.0066208111611053095
-0.10545998066663742 0.890180766582489 0.6277357339859009 1.5752368161657022 -0.0013199699463308592 0.012165201381822956
-0.0975319892168045 0.8841589093208313 0.6226571202278137 1.5693943884457857 0.00118352926200624 0.0011987719542493605
-0.09786450117826462 0.8840094208717346 0.6234769225120544 1.569964199109113 0.00016681481964367533 0.0012492491871366914
-0.0978180393576622 0.8838902711868286 0.6237813830375671 1.5701820587510782 -0.00019038804651637527 0.0010932678059989926
