x y z alpha beta gamma
-0.094741 0.881948 0.642007 1.589619 0.006534 -0.008724
-0.094750 0.881946 0.641986 1.589596 0.006533 -0.008715
-0.094758 0.881943 0.641967 1.589574 0.006533 -0.008705
-0.094766 0.881941 0.641947 1.589551 0.006531 -0.008696
-0.094775 0.881939 0.641927 1.589529 0.006530 -0.008687
-0.094783 0.881936 0.641907 1.589506 0.006530 -0.008677
-0.094792 0.881934 0.641887 1.589484 0.006529 -0.008668
-0.094800 0.881931 0.641867 1.589461 0.006528 -0.008658
-0.094808 0.881929 0.641847 1.589439 0.006527 -0.008649
-0.094817 0.881926 0.641827 1.589416 0.006527 -0.008640
-0.094825 0.881924 0.641807 1.589394 0.006525 -0.008631
-0.094833 0.881921 0.641787 1.589371 0.006524 -0.008621
-0.094841 0.881919 0.641767 1.589349 0.006523 -0.008612
-0.094850 0.881917 0.641747 1.589326 0.006521 -0.008602
-0.094858 0.881914 0.641727 1.589304 0.006521 -0.008593
-0.094867 0.881912 0.641707 1.589281 0.006520 -0.008584
-0.094875 0.881909 0.641687 1.589259 0.006520 -0.008574
-0.094883 0.881907 0.641667 1.589236 0.006519 -0.008565
-0.094891 0.881904 0.641647 1.589214 0.006517 -0.008555
-0.094900 0.881902 0.641627 1.589191 0.006516 -0.008546
-0.085909 0.888452 0.632375 1.579536 0.001695 -0.020726
-0.085976 0.888463 0.632342 1.579530 0.001842 -0.020658
-0.086060 0.888483 0.632320 1.579509 0.001885 -0.020578
-0.086140 0.888504 0.632299 1.579489 0.001908 -0.020496
-0.086208 0.888522 0.632273 1.579462 0.001920 -0.020423
-0.086251 0.888530 0.632248 1.579436 0.001927 -0.020376
-0.086277 0.888532 0.632225 1.579411 0.001927 -0.020349
-0.086295 0.888531 0.632201 1.579384 0.001925 -0.020329
-0.086310 0.888530 0.632176 1.579356 0.001924 -0.020313
-0.086323 0.888528 0.632151 1.579328 0.001922 -0.020298
-0.086347 0.888524 0.632099 1.579269 0.001919 -0.020272
-0.086357 0.888522 0.632072 1.579240 0.001917 -0.020260
-0.086367 0.888519 0.632046 1.579210 0.001916 -0.020249
-0.086377 0.888516 0.632019 1.579181 0.001915 -0.020238
-0.086387 0.888513 0.631993 1.579151 0.001913 -0.020227
-0.086397 0.888511 0.631967 1.579122 0.001911 -0.020216
-0.103222 0.880019 0.630059 1.577938 -0.002003 0.001298
-0.103231 0.880016 0.630033 1.577909 -0.002005 0.001308
-0.103241 0.880013 0.630006 1.577879 -0.002006 0.001319
-0.103250 0.880010 0.629980 1.577849 -0.002007 0.001330
-0.103259 0.880007 0.629953 1.577819 -0.002008 0.001341
-0.103269 0.880004 0.629927 1.577789 -0.002009 0.001352
-0.103278 0.880000 0.629901 1.577760 -0.002010 0.001363
-0.103287 0.879997 0.629875 1.577730 -0.002011 0.001373
-0.103297 0.879994 0.629848 1.577700 -0.002012 0.001384
-0.094692 0.883374 0.642978 1.591775 0.003482 -0.009431
-0.100770 0.879831 0.616162 1.562036 -0.004535 -0.001547
-0.102757 0.881740 0.620759 1.566638 -0.001505 -0.000047
-0.105807 0.879652 0.623780 1.567499 0.005559 0.004435
-0.102420 0.881347 0.625932 1.571823 -0.000107 -0.000556
-0.092534 0.885111 0.622882 1.567254 0.002373 -0.012093
-0.094429 0.887374 0.623815 1.569646 -0.002062 -0.011156
-0.112869 0.876514 0.629034 1.574937 0.002194 0.012871
-0.085828 0.892542 0.614284 1.557762 -0.000740 -0.021919
-0.079412 0.894547 0.618970 1.562039 0.001582 -0.029238
-0.101563 0.883375 0.630147 1.575423 0.002033 -0.001936
-0.101796 0.879836 0.631218 1.576426 0.004764 0.000134
-0.101824 0.877285 0.629194 1.576275 -0.000491 0.000560
-0.091911 0.891138 0.619218 1.563562 -0.001954 -0.014884
-0.113470 0.878593 0.611038 1.554505 -0.002775 0.013126
-0.113441 0.878555 0.610999 1.554486 -0.002577 0.013050
-0.113378 0.878521 0.610960 1.554448 -0.002499 0.012953
-0.113340 0.878495 0.610943 1.554432 -0.002462 0.012898
-0.113365 0.878495 0.610911 1.554397 -0.002445 0.012919
-0.113394 0.878497 0.610888 1.554373 -0.002432 0.012949
-0.113421 0.878498 0.610867 1.554349 -0.002429 0.012979
-0.113447 0.878500 0.610844 1.554323 -0.002429 0.013007
-0.113473 0.878501 0.610819 1.554295 -0.002428 0.013036
-0.113501 0.878502 0.610794 1.554267 -0.002428 0.013067
-0.113528 0.878503 0.610768 1.554238 -0.002427 0.013098
-0.113555 0.878504 0.610743 1.554210 -0.002427 0.013129
-0.113578 0.878504 0.610718 1.554182 -0.002427 0.013155
-0.113598 0.878503 0.610693 1.554154 -0.002427 0.013178
-0.113616 0.878501 0.610668 1.554126 -0.002428 0.013199
-0.120629 0.873443 0.625629 1.570813 0.001805 0.022793
-0.108592 0.877640 0.618468 1.563101 -0.001636 0.008236
-0.108901 0.881174 0.615335 1.559420 -0.002497 0.007365
-0.100283 0.887139 0.593444 1.534248 -0.007274 -0.003785
-0.096541 0.876205 0.654282 1.602961 0.011038 -0.004332
-0.107126 0.876068 0.636431 1.583484 0.003833 0.006993
-0.097756 0.883023 0.615802 1.559469 -0.000121 -0.005485
-0.109685 0.879594 0.622228 1.567728 -0.002555 0.008252
-0.093123 0.881194 0.635232 1.582547 0.002789 -0.010511
-0.104583 0.873054 0.650758 1.600058 0.007596 0.005244
-0.093464 0.880964 0.630121 1.575734 0.004040 -0.009648
-0.095001 0.889175 0.609532 1.551145 -0.001101 -0.010016
-0.103470 0.881768 0.624476 1.569708 0.000173 0.001132
-0.064107 0.894075 0.630144 1.574119 0.006509 -0.045981
-0.116529 0.874832 0.630463 1.577030 0.000171 0.017850
-0.104250 0.874371 0.645604 1.594925 0.002771 0.003996
-0.102374 0.883947 0.623540 1.568048 0.000404 -0.000451
-0.114483 0.876138 0.639473 1.586207 0.004519 0.015570
-0.113596 0.872335 0.640322 1.588897 0.001609 0.015372
-0.100491 0.877705 0.648304 1.596582 0.007312 -0.000428
-0.099619 0.880437 0.635022 1.581837 0.002122 -0.002657
-0.096483 0.885965 0.625322 1.568249 0.005333 -0.006424
-0.125008 0.873802 0.624937 1.570999 -0.003543 0.028034
-0.097520 0.886282 0.612139 1.555107 -0.003547 -0.006359
-0.122893 0.873168 0.627578 1.574754 -0.003997 0.025875
-0.090524 0.884162 0.631867 1.577618 0.002816 -0.013791
-0.103196 0.881070 0.634107 1.579608 0.006191 0.002345
-0.117338 0.876606 0.629512 1.576300 -0.002818 0.018634
-0.080589 0.886911 0.637001 1.583519 0.002983 -0.025984
-0.077293 0.892309 0.616660 1.559157 0.002036 -0.030257
-0.050231 0.888987 0.652594 1.600740 0.012495 -0.060635
-0.106191 0.876986 0.649837 1.599818 0.003318 0.005711
-0.093166 0.880972 0.649033 1.597834 0.007615 -0.009754
-0.139839 0.874699 0.615470 1.560064 -0.006497 0.045069
-0.101119 0.884415 0.620157 1.564073 -0.000430 -0.001285
-0.117252 0.879249 0.617342 1.560901 0.000530 0.018724
-0.117368 0.879264 0.617333 1.560882 0.000509 0.018825
-0.117447 0.879275 0.617307 1.560851 0.000500 0.018898
-0.117485 0.879276 0.617279 1.560819 0.000498 0.018934
-0.117510 0.879276 0.617249 1.560785 0.000495 0.018958
-0.117530 0.879275 0.617218 1.560749 0.000494 0.018979
-0.117549 0.879274 0.617186 1.560713 0.000492 0.019000
-0.117567 0.879273 0.617154 1.560677 0.000489 0.019020
-0.101594 0.884453 0.619949 1.563793 -0.000575 -0.000887
-0.101613 0.884453 0.619916 1.563757 -0.000578 -0.000867
-0.101631 0.884452 0.619884 1.563722 -0.000581 -0.000846
-0.101649 0.884452 0.619852 1.563686 -0.000584 -0.000826
-0.101666 0.884451 0.619820 1.563650 -0.000587 -0.000806
-0.101684 0.884451 0.619788 1.563614 -0.000591 -0.000786
-0.101702 0.884450 0.619756 1.563578 -0.000593 -0.000766
-0.101720 0.884450 0.619724 1.563542 -0.000595 -0.000746
-0.101738 0.884450 0.619692 1.563506 -0.000598 -0.000726
-0.099038 0.884749 0.613475 1.556867 -0.002660 -0.003865
-0.131747 0.876624 0.591385 1.531761 -0.007001 0.035578
-0.103331 0.888834 0.584845 1.523344 -0.004716 0.000273
-0.108158 0.876680 0.641589 1.589861 0.001822 0.007912
-0.108427 0.879540 0.635146 1.581520 0.003267 0.008160
-0.126116 0.877990 0.607011 1.548961 -0.002163 0.028326
-0.101603 0.884816 0.614895 1.556968 0.002580 -0.000756
-0.129301 0.872095 0.619272 1.564607 -0.002656 0.033394
-0.086395 0.891573 0.631448 1.575543 0.004723 -0.020166
-0.112388 0.880315 0.622667 1.566489 0.001927 0.011928
-0.094666 0.887738 0.617431 1.561454 -0.002800 -0.010235
-0.097295 0.887072 0.627543 1.571276 0.003674 -0.007196
-0.091084 0.884564 0.632753 1.578175 0.002925 -0.013418
-0.096417 0.884652 0.617212 1.560447 0.001331 -0.007044
-0.103809 0.881943 0.624246 1.570265 -0.002632 0.000907
-0.086772 0.894221 0.613769 1.557041 -0.003017 -0.021256
-0.084929 0.891623 0.609656 1.552841 -0.003086 -0.022466
-0.084020 0.895882 0.607291 1.549774 -0.004229 -0.024721
-0.098921 0.879392 0.642583 1.590893 0.003781 -0.003221
-0.116909 0.872789 0.624205 1.570332 -0.000779 0.018859
-0.108479 0.878337 0.638977 1.586203 0.004753 0.007357
-0.089687 0.887657 0.628667 1.574261 0.003591 -0.016041
-0.120228 0.869241 0.629840 1.576937 0.000340 0.023587
-0.123100 0.871172 0.616735 1.561462 -0.001093 0.025963
-0.122272 0.871043 0.630599 1.576708 0.004251 0.025112
-0.097602 0.885482 0.613431 1.558777 -0.004221 -0.006856
-0.097297 0.882696 0.623764 1.570456 -0.002193 -0.006057
-0.099937 0.882794 0.614116 1.558423 -0.000598 -0.003489
-0.089643 0.888793 0.605724 1.551078 -0.007860 -0.016631
-0.114115 0.878010 0.618859 1.564176 0.000065 0.013726
-0.105323 0.882707 0.612339 1.558749 -0.006475 0.002386
-0.104892 0.880076 0.602435 1.546204 -0.005150 0.002737
-0.101398 0.882789 0.624431 1.571826 -0.001594 -0.001993
-0.098472 0.883349 0.606676 1.552721 -0.008284 -0.005326
-0.087759 0.887511 0.593141 1.538225 -0.012381 -0.018130
-0.085055 0.892379 0.629443 1.577664 -0.000011 -0.022840
-0.104948 0.881166 0.603161 1.548666 -0.007021 0.002646
-0.094075 0.888151 0.626375 1.573979 0.000748 -0.011472
-0.099404 0.883484 0.638799 1.587116 0.004669 -0.004222
-0.097149 0.880198 0.600566 1.544861 -0.006425 -0.005644
-0.114346 0.872811 0.601529 1.545277 -0.004612 0.015378
-0.093586 0.884476 0.620978 1.568696 -0.003929 -0.010430
-0.105540 0.881337 0.621960 1.570502 -0.003804 0.003470
-0.105403 0.881246 0.622200 1.570624 -0.004338 0.003321
-0.105618 0.881348 0.622102 1.570451 -0.004398 0.003552
-0.105688 0.881375 0.622076 1.570397 -0.004258 0.003643
-0.105667 0.881356 0.622093 1.570365 -0.004158 0.003601
-0.105618 0.881339 0.622079 1.570299 -0.004040 0.003525
-0.105571 0.881321 0.622066 1.570242 -0.003904 0.003456
-0.092720 0.884421 0.620378 1.568531 -0.005286 -0.011239
-0.105601 0.881327 0.622036 1.570123 -0.003632 0.003455
-0.092777 0.884438 0.620334 1.568400 -0.005008 -0.011210
-0.092806 0.884446 0.620315 1.568336 -0.004871 -0.011195
-0.092834 0.884453 0.620294 1.568270 -0.004734 -0.011181
-0.092852 0.884457 0.620273 1.568204 -0.004594 -0.011178
-0.092860 0.884457 0.620253 1.568140 -0.004456 -0.011186
-0.092863 0.884455 0.620233 1.568075 -0.004318 -0.011200
-0.092863 0.884453 0.620213 1.568009 -0.004181 -0.011217
-0.092863 0.884450 0.620193 1.567944 -0.004044 -0.011234
-0.092862 0.884447 0.620172 1.567878 -0.003907 -0.011252
-0.092861 0.884444 0.620152 1.567813 -0.003768 -0.011271
-0.092860 0.884441 0.620131 1.567747 -0.003631 -0.011289
-0.092859 0.884438 0.620111 1.567681 -0.003493 -0.011308
-0.092858 0.884435 0.620091 1.567616 -0.003355 -0.011326
-0.092856 0.884432 0.620071 1.567551 -0.003218 -0.011345
-0.092856 0.884430 0.620051 1.567486 -0.003079 -0.011364
-0.092854 0.884426 0.620031 1.567420 -0.002941 -0.011382
-0.092853 0.884423 0.620011 1.567355 -0.002803 -0.011401
-0.092851 0.884420 0.619991 1.567290 -0.002665 -0.011420
-0.092850 0.884418 0.619971 1.567224 -0.002527 -0.011439
-0.097252 0.885996 0.622567 1.571108 -0.003956 -0.007239
-0.100492 0.883728 0.625950 1.572425 0.002849 -0.003387
-0.120972 0.871553 0.606680 1.550837 -0.003465 0.023446
-0.111268 0.878628 0.631850 1.580056 0.001984 0.010452
-0.098043 0.885247 0.620848 1.568453 -0.002943 -0.005755
-0.110122 0.878412 0.648615 1.598158 0.007619 0.009776
-0.083346 0.891587 0.641184 1.591503 0.001304 -0.023871
-0.078827 0.892550 0.643367 1.594083 0.002190 -0.029301
-0.086546 0.889279 0.630622 1.579879 -0.002459 -0.019409
-0.097541 0.884458 0.631098 1.579712 -0.000327 -0.006056
-0.077709 0.888946 0.614207 1.562283 -0.009013 -0.029118
-0.105601 0.877115 0.605992 1.550409 -0.003800 0.004519
-0.088409 0.889024 0.633981 1.583094 0.001435 -0.017544
-0.104182 0.877092 0.606330 1.551192 -0.005295 0.003391
-0.127985 0.871821 0.623081 1.569495 0.000654 0.031597
-0.128195 0.871904 0.622996 1.569349 0.000784 0.031794
-0.128244 0.871909 0.623004 1.569324 0.000956 0.031837
-0.128227 0.871895 0.623012 1.569281 0.001082 0.031789
-0.128193 0.871882 0.623000 1.569225 0.001229 0.031728
-0.128159 0.871869 0.622990 1.569174 0.001382 0.031672
-0.128154 0.871863 0.622984 1.569126 0.001531 0.031646
-0.128162 0.871865 0.622965 1.569065 0.001684 0.031635
-0.128176 0.871867 0.622953 1.569012 0.001839 0.031632
-0.104510 0.877095 0.606357 1.550677 -0.004144 0.003412
-0.104526 0.877095 0.606341 1.550619 -0.003992 0.003409
-0.104543 0.877096 0.606325 1.550561 -0.003840 0.003406
-0.104559 0.877096 0.606309 1.550503 -0.003688 0.003402
-0.104576 0.877097 0.606293 1.550446 -0.003536 0.003399
-0.104592 0.877098 0.606277 1.550387 -0.003384 0.003396
-0.104607 0.877098 0.606261 1.550329 -0.003234 0.003392
-0.104622 0.877099 0.606243 1.550269 -0.003081 0.003387
-0.088360 0.886180 0.619101 1.566503 -0.003002 -0.016757
-0.114316 0.874164 0.612833 1.557643 -0.001843 0.015815
-0.102127 0.883424 0.639914 1.589393 0.005086 -0.000893
-0.067288 0.895471 0.633390 1.583769 -0.002373 -0.044742
-0.109078 0.878368 0.638557 1.587535 0.004949 0.008752
-0.116028 0.873511 0.636102 1.584506 0.004826 0.018668
-0.127218 0.867990 0.610861 1.554407 -0.003725 0.034126
-0.095015 0.886320 0.638993 1.588771 0.004879 -0.010991
-0.104281 0.879868 0.631545 1.579527 0.002515 0.002289
-0.109534 0.878991 0.627701 1.576493 -0.002756 0.008952
-0.107475 0.878133 0.632088 1.580283 0.003245 0.006667
-0.104334 0.879991 0.636007 1.584794 0.004365 0.002189
-0.117155 0.873081 0.633085 1.581884 0.001301 0.021274
-0.071325 0.894052 0.612510 1.556745 -0.007316 -0.044732
-0.107050 0.876966 0.614895 1.558615 -0.004151 0.007139
-0.106953 0.876594 0.607535 1.549252 -0.007267 0.007381
-0.089966 0.887033 0.629757 1.578537 -0.000129 -0.019334
-0.098183 0.880109 0.627157 1.573307 0.003048 -0.005467
-0.110755 0.874284 0.627699 1.575934 -0.000818 0.013740
-0.100938 0.879447 0.620084 1.566032 -0.004603 -0.001572
-0.099661 0.879530 0.621080 1.566662 -0.003321 -0.003404
-0.106594 0.875817 0.618136 1.561371 -0.002569 0.007773
-0.102536 0.879112 0.632935 1.582715 0.003400 0.000685
-0.097892 0.879397 0.623637 1.568752 0.000895 -0.005861
-0.101816 0.878220 0.629665 1.578055 0.002127 -0.000010
-0.095877 0.878472 0.615047 1.557431 -0.005653 -0.008058
-0.105039 0.878944 0.631614 1.580994 0.003579 0.004244
-0.102338 0.878034 0.618474 1.561981 -0.003250 0.000990
-0.098407 0.878179 0.616970 1.560286 -0.005680 -0.004415
-0.095505 0.879938 0.618980 1.561752 -0.001970 -0.010111
-0.104823 0.876333 0.619531 1.564209 -0.005583 0.005992
-0.101654 0.879018 0.624623 1.572045 -0.003041 -0.000543
-0.098816 0.880718 0.627569 1.575214 0.002409 -0.005972
-0.099313 0.878962 0.625104 1.571735 0.000020 -0.004024
-0.103321 0.876414 0.619670 1.564556 -0.006143 0.003832
-0.096594 0.880195 0.626293 1.572357 0.004049 -0.009458
-0.102198 0.876966 0.621039 1.565304 -0.002294 0.001914
-0.101244 0.877928 0.624268 1.569822 -0.000123 -0.000067
-0.101458 0.878494 0.627054 1.574769 0.001811 -0.000163
-0.099755 0.877657 0.623898 1.569986 -0.002192 -0.002457
-0.100245 0.877247 0.623957 1.570376 -0.002316 -0.001541
-0.103742 0.878227 0.625088 1.573382 -0.003779 0.004066
-0.099983 0.877903 0.623789 1.569353 -0.001473 -0.002253
-0.098884 0.878545 0.621955 1.566088 -0.001677 -0.004719
-0.100287 0.877457 0.624121 1.569374 0.000763 -0.001626
-0.100063 0.877100 0.623427 1.569003 -0.002038 -0.001642
-0.102130 0.876953 0.624092 1.570672 -0.002557 0.002272
-0.101542 0.876153 0.622460 1.566830 -0.002051 0.002115
-0.102632 0.877310 0.624086 1.570385 -0.001902 0.002867
-0.101978 0.875382 0.620697 1.563623 -0.005074 0.003470
-0.100975 0.877724 0.625397 1.572377 0.000810 -0.000331
-0.102172 0.876707 0.623623 1.569893 -0.004430 0.003398
-0.101748 0.876507 0.624453 1.570266 0.000158 0.002270
-0.102856 0.877288 0.625019 1.572363 -0.001724 0.004172
-0.099050 0.876381 0.624008 1.569076 -0.000020 -0.003483
-0.101221 0.877361 0.623321 1.568440 -0.002338 0.000865
-0.101449 0.877699 0.624958 1.571771 -0.000829 0.001079
-0.101769 0.877715 0.624887 1.571583 -0.000316 0.001617
-0.099758 0.876412 0.623274 1.567658 -0.001221 -0.001949
-0.100422 0.878226 0.626546 1.574744 0.002825 -0.001643
-0.099806 0.877228 0.624614 1.570940 -0.000198 -0.002153
-0.100086 0.877226 0.624551 1.570681 0.000100 -0.001710
-0.101189 0.876307 0.622807 1.566334 -0.000058 0.001334
-0.100008 0.877521 0.625560 1.572082 0.001857 -0.001828
-0.101219 0.877648 0.627149 1.575963 0.002488 0.000694
-0.100511 0.877282 0.625695 1.572846 0.001271 -0.000856
-0.101371 0.877300 0.625315 1.572242 -0.000829 0.001208
-0.101759 0.877967 0.625452 1.572127 0.001458 0.001555
-0.102983 0.876441 0.623398 1.568408 -0.002723 0.004774
-0.100835 0.877634 0.625101 1.571139 0.000498 -0.000238
-0.105129 0.876754 0.621186 1.564268 -0.004627 0.008420
-0.102008 0.877593 0.622120 1.566099 -0.003444 0.001782
-0.101688 0.878363 0.629265 1.579540 0.002632 0.000780
-0.102053 0.878214 0.625174 1.572195 -0.001484 0.001415
-0.103664 0.877315 0.628760 1.578106 0.003390 0.005030
-0.102074 0.876380 0.623119 1.568743 -0.003242 0.002685
-0.102107 0.878451 0.628734 1.578519 0.001288 0.001322
-0.098191 0.878982 0.627881 1.575619 0.004662 -0.006291
-0.099415 0.877313 0.620155 1.562875 -0.002723 -0.003017
-0.098423 0.878443 0.626116 1.573697 0.000368 -0.005193
-0.098620 0.878454 0.625098 1.571264 0.001389 -0.004823
-0.101803 0.879047 0.622988 1.568432 -0.001216 0.000351
-0.094610 0.879128 0.620921 1.565099 -0.002648 -0.011642
-0.102390 0.876770 0.619978 1.564701 -0.005813 0.002765
-0.106746 0.877705 0.629336 1.577917 0.005221 0.008858
-0.099672 0.880079 0.632116 1.583062 0.004614 -0.003748
-0.105787 0.877182 0.620379 1.565863 -0.006346 0.007992
-0.103780 0.879239 0.624752 1.572037 -0.000939 0.003195
-0.102989 0.878006 0.625597 1.571477 0.004529 0.002314
-0.099076 0.878363 0.618447 1.562404 -0.004842 -0.003118
-0.108853 0.878895 0.629954 1.579903 0.001737 0.010959
-0.098489 0.878494 0.620389 1.565410 -0.002410 -0.004267
0.000000 0.000000 0.000000 0.000000 -0.000000 0.000000
-0.106915 0.879256 0.629944 1.579295 0.003327 0.007619
-0.102741 0.877419 0.617113 1.561614 -0.005397 0.002973
-0.097496 0.878454 0.620460 1.565848 -0.003429 -0.005018
-0.087839 0.881737 0.617911 1.562846 -0.004777 -0.020042
-0.117551 0.877589 0.636132 1.586833 0.008566 0.022051
-0.081245 0.880448 0.607220 1.549035 -0.012823 -0.027474
-0.097944 0.880194 0.623634 1.570287 -0.000447 -0.005166
-0.118559 0.877476 0.642471 1.593847 0.012592 0.022699
-0.136879 0.861664 0.584859 1.517372 -0.009022 0.052837
-0.075822 0.883948 0.599955 1.541399 -0.014680 -0.034324
-0.099663 0.873834 0.583122 1.518731 -0.016993 0.000031
-0.102011 0.884003 0.646116 1.598108 0.011082 -0.001467
-0.060952 0.878986 0.553647 1.484884 -0.035250 -0.048463
-0.100353 0.882846 0.652261 1.606027 0.009317 -0.002865
-0.099436 0.880136 0.614518 1.559579 -0.004068 -0.002753
-0.111615 0.875840 0.625998 1.572323 0.004012 0.012881
-0.120180 0.870036 0.598215 1.538011 -0.002988 0.024831
-0.095473 0.882643 0.614939 1.562056 -0.008037 -0.008090
-0.103595 0.879991 0.630356 1.579393 -0.001102 0.002491
-0.106537 0.880099 0.637066 1.586255 0.003451 0.005513
-0.084525 0.888847 0.631202 1.580755 -0.001175 -0.022232
-0.100033 0.881634 0.648488 1.598751 0.007647 -0.002243
-0.075975 0.892623 0.640549 1.592433 -0.002881 -0.032622
-0.091792 0.883749 0.605747 1.551367 -0.008348 -0.012343
-0.098528 0.880809 0.612653 1.557476 -0.000901 -0.004150
-0.106149 0.881207 0.618276 1.564451 -0.001037 0.004422
-0.102422 0.881418 0.601111 1.545442 -0.004883 -0.000247
-0.096186 0.886777 0.625349 1.572524 0.002153 -0.008823
-0.122817 0.875143 0.612206 1.556948 0.001210 0.024259
-0.122631 0.875116 0.612164 1.556839 0.001452 0.024014
-0.116922 0.880339 0.633779 1.580985 0.007516 0.016128
-0.116783 0.880316 0.633796 1.580940 0.007755 0.015945
-0.110002 0.880387 0.616000 1.561501 0.000222 0.008540
-0.096561 0.887759 0.612675 1.559433 -0.005276 -0.008185
-0.096513 0.887766 0.612682 1.559380 -0.005036 -0.008271
-0.094024 0.884899 0.622489 1.569958 -0.002688 -0.010189
-0.118980 0.871421 0.602091 1.544615 -0.003285 0.022048
-0.107729 0.881439 0.622576 1.569051 0.000993 0.006181
-0.099878 0.881428 0.625821 1.572931 -0.000232 -0.002625
-0.124466 0.875110 0.628768 1.576223 0.002068 0.027527
-0.106985 0.881269 0.616773 1.562893 -0.001953 0.005602
-0.105854 0.877890 0.583971 1.524565 -0.010720 0.005604
-0.058514 0.897787 0.662197 1.616487 0.006273 -0.054403
-0.121372 0.877564 0.614852 1.559339 0.001328 0.023160
-0.087357 0.881902 0.596061 1.538855 -0.009313 -0.017104
-0.030385 0.893735 0.589064 1.532342 -0.018010 -0.085546
-0.122686 0.878668 0.659487 1.611321 0.012601 0.024697
-0.135343 0.873169 0.619393 1.565058 0.000932 0.040857
-0.087131 0.886581 0.605288 1.549704 -0.006719 -0.018161
-0.132309 0.874198 0.638616 1.587936 0.002474 0.037574
-0.083210 0.886614 0.618127 1.564771 -0.005534 -0.022486
-0.175046 0.859737 0.624376 1.569870 0.004322 0.091201
-0.050239 0.894808 0.700038 1.660214 0.015531 -0.062732
-0.086321 0.888721 0.648091 1.599161 0.003915 -0.019739
-0.128379 0.875519 0.624180 1.571051 -0.000363 0.032844
-0.079451 0.887940 0.651264 1.603412 0.002745 -0.027616
-0.078921 0.886964 0.652459 1.603956 0.006367 -0.027988
-0.054306 0.891457 0.660919 1.613934 0.009190 -0.057747
-0.099751 0.880913 0.594880 1.536192 -0.006636 -0.002112
-0.153784 0.866529 0.608330 1.551074 0.000921 0.064797
-0.174746 0.863963 0.708457 1.670481 0.016972 0.091004
-0.079511 0.887464 0.635833 1.585106 0.001706 -0.027367
-0.094756 0.885097 0.670179 1.625041 0.009277 -0.008599
-0.085900 0.884890 0.619209 1.565063 -0.002038 -0.019435
-0.087244 0.883536 0.616457 1.561245 0.000612 -0.017738
-0.149395 0.876539 0.681553 1.638077 0.013854 0.057866
-0.090648 0.880015 0.608702 1.551951 -0.003164 -0.012320
-0.075306 0.880842 0.581409 1.520410 -0.011531 -0.030596
-0.094731 0.883650 0.599141 1.541773 -0.007886 -0.007881
-0.069422 0.885647 0.625165 1.572132 -0.001394 -0.038622
-0.131545 0.877681 0.610886 1.554982 -0.002406 0.036620
-0.132937 0.876718 0.608766 1.552191 0.000196 0.038300
-0.091213 0.886645 0.642762 1.593168 0.000662 -0.012894
-0.099344 0.883093 0.633322 1.581223 0.003864 -0.002803
-0.082069 0.882633 0.600955 1.542815 -0.007129 -0.022631
-0.085779 0.881357 0.597480 1.538526 -0.004850 -0.018237
-0.108383 0.880760 0.629455 1.576542 0.000639 0.008730
-0.082277 0.883510 0.634975 1.583396 0.002260 -0.022717
-0.071949 0.884948 0.608772 1.552427 -0.004439 -0.035148
-0.115847 0.883820 0.615213 1.560133 -0.003833 0.017389
-0.074165 0.881893 0.620742 1.565927 0.002546 -0.032454
-0.108846 0.881274 0.661740 1.615042 0.006301 0.009498
-0.083673 0.883536 0.597559 1.538235 -0.002696 -0.021303
-0.078120 0.879921 0.669403 1.624200 0.010277 -0.027199
-0.132073 0.879758 0.610335 1.553976 -0.006977 0.037183
-0.123772 0.881063 0.608448 1.551587 -0.003796 0.026867
-0.086622 0.881509 0.643692 1.593083 0.003770 -0.017687
-0.083787 0.884567 0.609352 1.552212 -0.002326 -0.021222
-0.131577 0.880826 0.581580 1.519071 -0.010203 0.036517
-0.075224 0.879685 0.653401 1.604768 0.010175 -0.030355
-0.091374 0.883972 0.629269 1.575520 0.001876 -0.011709
-0.105950 0.883743 0.603436 1.545078 -0.004998 0.005185
-0.106651 0.880664 0.647515 1.597617 0.001008 0.006623
-0.111795 0.878770 0.642750 1.591366 0.005506 0.013542
-0.068483 0.886258 0.599291 1.539613 -0.001511 -0.039623
-0.106655 0.883131 0.612450 1.555522 -0.005581 0.006231
-0.094742 0.882424 0.628830 1.574846 0.004162 -0.006951
-0.074536 0.882490 0.621822 1.566316 0.003303 -0.031628
-0.119157 0.875574 0.647022 1.597527 0.000201 0.022317
-0.130733 0.877450 0.644561 1.593983 0.000050 0.035853
-0.130783 0.877449 0.644460 1.593936 0.000177 0.035870
-0.130816 0.877448 0.644399 1.593894 0.000225 0.035887
-0.130840 0.877449 0.644355 1.593854 0.000242 0.035904
-0.130859 0.877449 0.644315 1.593815 0.000248 0.035920
-0.130876 0.877451 0.644279 1.593775 0.000248 0.035937
-0.130892 0.877452 0.644243 1.593736 0.000246 0.035953
-0.130907 0.877454 0.644208 1.593696 0.000243 0.035969
-0.130923 0.877455 0.644173 1.593656 0.000240 0.035986
-0.130937 0.877456 0.644138 1.593617 0.000237 0.036002
-0.130952 0.877458 0.644104 1.593578 0.000233 0.036018
-0.130966 0.877460 0.644070 1.593540 0.000230 0.036034
-0.130980 0.877461 0.644036 1.593501 0.000227 0.036050
-0.130994 0.877463 0.644003 1.593463 0.000224 0.036066
-0.131008 0.877464 0.643969 1.593425 0.000220 0.036081
-0.131022 0.877466 0.643936 1.593386 0.000218 0.036097
-0.131036 0.877467 0.643902 1.593348 0.000215 0.036112
-0.131050 0.877469 0.643869 1.593310 0.000212 0.036128
-0.082190 0.880289 0.646058 1.595426 0.004462 -0.021990
-0.075241 0.888290 0.601655 1.542730 -0.001449 -0.030895
-0.093079 0.879335 0.661401 1.612281 0.009360 -0.008450
-0.118811 0.881018 0.613071 1.556587 -0.003710 0.020092
-0.116258 0.884507 0.607001 1.549394 -0.006411 0.016628
-0.132155 0.885702 0.581154 1.519340 -0.010703 0.034994
-0.110380 0.882551 0.628683 1.574744 -0.001170 0.009945
-0.119647 0.878146 0.624385 1.570319 -0.004329 0.021341
-0.111479 0.883597 0.602989 1.545362 -0.006282 0.011125
-0.076253 0.888958 0.612774 1.555796 -0.000796 -0.030571
-0.068517 0.890685 0.600620 1.541683 -0.003055 -0.039694
-0.098634 0.878138 0.654559 1.604209 0.008666 -0.002332
-0.115419 0.870979 0.663242 1.615010 0.009569 0.018824
-0.098032 0.889657 0.572240 1.509324 -0.011010 -0.005612
-0.110155 0.879577 0.627916 1.574139 -0.001377 0.010052
-0.083598 0.883273 0.642569 1.590425 0.005887 -0.021226
-0.090634 0.882505 0.642715 1.589882 0.007950 -0.012535
-0.102404 0.881992 0.638720 1.586120 0.002261 0.000282
-0.092533 0.879845 0.641584 1.589916 0.002796 -0.010567
-0.096044 0.887631 0.612362 1.554890 -0.000193 -0.007907
-0.084517 0.884552 0.633811 1.579183 0.006741 -0.020076
-0.120787 0.875414 0.621891 1.567763 -0.002953 0.022628
-0.104239 0.883333 0.609901 1.553134 -0.002443 0.002252
-0.080980 0.885751 0.637351 1.584503 0.002020 -0.024922
-0.113131 0.878447 0.626322 1.571637 0.001257 0.013068
-0.088926 0.890719 0.623845 1.568151 -0.000210 -0.017419
-0.102844 0.886986 0.608667 1.552205 -0.007239 -0.001435
-0.107806 0.879886 0.628699 1.575193 -0.002554 0.006128
-0.094246 0.886641 0.621344 1.565525 -0.000836 -0.010442
-0.097627 0.879689 0.641693 1.588694 0.005299 -0.004480
-0.098476 0.884606 0.621258 1.565817 -0.000360 -0.005119
-0.100092 0.881685 0.629289 1.575521 0.000601 -0.002746
-0.085242 0.888220 0.628102 1.574125 0.000162 -0.021065
-0.105676 0.879509 0.620869 1.565897 -0.000240 0.004568
-0.100382 0.879244 0.639144 1.585780 0.006523 -0.001229
-0.115651 0.873793 0.639130 1.586680 0.004194 0.017140
-0.109705 0.881018 0.613908 1.557814 -0.001514 0.007909
-0.105767 0.880053 0.612084 1.556183 -0.002973 0.004225
-0.103298 0.882777 0.623163 1.569577 -0.001952 0.000243
-0.099682 0.883860 0.609230 1.553619 -0.004883 -0.004218
-0.095225 0.886142 0.621177 1.567979 -0.003657 -0.009500
-0.101268 0.883316 0.623179 1.570878 -0.005899 -0.002179
-0.111384 0.878547 0.623499 1.569057 0.001059 0.010397
-0.122271 0.872202 0.613027 1.558527 -0.004512 0.024703
-0.090305 0.887412 0.636012 1.583303 0.004064 -0.015517
-0.104714 0.880905 0.622343 1.567254 0.002232 0.002479
-0.090493 0.889468 0.621073 1.567428 -0.001711 -0.015955
-0.103733 0.881061 0.621782 1.567403 0.000731 0.001424
-0.103844 0.881108 0.621748 1.567316 0.000732 0.001559
-0.103908 0.881128 0.621728 1.567255 0.000816 0.001637
-0.103931 0.881133 0.621708 1.567190 0.000916 0.001660
-0.103942 0.881136 0.621681 1.567121 0.001030 0.001671
-0.103949 0.881137 0.621653 1.567050 0.001150 0.001677
-0.103952 0.881137 0.621624 1.566980 0.001271 0.001680
-0.103955 0.881137 0.621595 1.566909 0.001393 0.001681
-0.103956 0.881137 0.621565 1.566838 0.001514 0.001681
-0.103956 0.881136 0.621536 1.566768 0.001636 0.001680
-0.103957 0.881136 0.621507 1.566697 0.001760 0.001679
-0.103957 0.881135 0.621478 1.566626 0.001882 0.001677
-0.103957 0.881134 0.621448 1.566554 0.002005 0.001676
-0.103957 0.881133 0.621419 1.566484 0.002128 0.001674
-0.103957 0.881133 0.621390 1.566413 0.002249 0.001673
-0.103957 0.881132 0.621360 1.566342 0.002373 0.001671
-0.096610 0.883726 0.647899 1.597155 0.005483 -0.007381
-0.096607 0.883727 0.647868 1.597083 0.005604 -0.007383
-0.096604 0.883728 0.647838 1.597011 0.005726 -0.007385
-0.096600 0.883730 0.647808 1.596939 0.005848 -0.007387
-0.096597 0.883731 0.647777 1.596867 0.005970 -0.007389
-0.096593 0.883732 0.647747 1.596795 0.006092 -0.007391
-0.096590 0.883733 0.647717 1.596723 0.006215 -0.007393
-0.096587 0.883734 0.647687 1.596651 0.006337 -0.007395
-0.096583 0.883735 0.647656 1.596579 0.006459 -0.007397
0.000000 0.000000 0.000000 0.000000 -0.000000 0.000000
-0.096039 0.881064 0.660237 1.611450 0.007841 -0.006748
-0.096034 0.881066 0.660206 1.611378 0.007963 -0.006750
-0.096029 0.881068 0.660177 1.611306 0.008086 -0.006752
-0.096024 0.881070 0.660147 1.611234 0.008210 -0.006755
-0.095797 0.882927 0.639649 1.587084 0.004953 -0.007846
-0.083241 0.890497 0.623894 1.570015 -0.001726 -0.024238
-0.090489 0.884564 0.642999 1.590880 0.005375 -0.014136
-0.084804 0.885676 0.643790 1.592846 0.001466 -0.021293
-0.091412 0.887637 0.624110 1.570380 -0.002518 -0.014780
-0.085863 0.892416 0.607467 1.551948 -0.007606 -0.021952
-0.110015 0.879266 0.623771 1.568686 0.000576 0.009187
-0.133829 0.867278 0.619506 1.565681 -0.003750 0.038882
-0.096119 0.888786 0.610750 1.554409 -0.004659 -0.009492
-0.099312 0.882927 0.621752 1.566788 -0.000730 -0.004074
-0.105110 0.883429 0.627161 1.573624 -0.002169 0.001753
-0.119370 0.877688 0.605535 1.549455 -0.007866 0.019644
-0.119311 0.877677 0.605499 1.549375 -0.007601 0.019589
-0.119251 0.877666 0.605473 1.549299 -0.007397 0.019534
-0.119192 0.877655 0.605454 1.549228 -0.007215 0.019484
-0.119140 0.877644 0.605440 1.549162 -0.007043 0.019440
-0.119149 0.877653 0.605425 1.549092 -0.006877 0.019464
-0.119172 0.877668 0.605406 1.549022 -0.006705 0.019504
-0.119196 0.877682 0.605390 1.548952 -0.006537 0.019546
-0.119218 0.877695 0.605372 1.548880 -0.006370 0.019584
-0.119231 0.877706 0.605354 1.548810 -0.006200 0.019614
-0.119232 0.877713 0.605337 1.548740 -0.006031 0.019630
-0.119227 0.877717 0.605321 1.548670 -0.005863 0.019639
-0.119220 0.877721 0.605304 1.548600 -0.005694 0.019646
-0.119212 0.877725 0.605288 1.548529 -0.005526 0.019651
-0.119204 0.877729 0.605271 1.548459 -0.005358 0.019656
-0.119195 0.877732 0.605255 1.548389 -0.005189 0.019660
-0.119186 0.877736 0.605238 1.548319 -0.005020 0.019665
-0.119177 0.877739 0.605221 1.548248 -0.004850 0.019669
-0.119169 0.877743 0.605204 1.548177 -0.004681 0.019674
-0.119160 0.877747 0.605188 1.548107 -0.004512 0.019678
-0.119150 0.877750 0.605172 1.548037 -0.004343 0.019682
-0.119142 0.877754 0.605155 1.547967 -0.004174 0.019687
-0.119133 0.877757 0.605139 1.547897 -0.004004 0.019691
-0.107900 0.884472 0.608162 1.551415 -0.005261 0.004811
-0.107890 0.884476 0.608143 1.551342 -0.005092 0.004815
-0.107881 0.884480 0.608125 1.551269 -0.004923 0.004820
-0.107871 0.884484 0.608106 1.551197 -0.004755 0.004824
-0.085091 0.894967 0.613352 1.557621 -0.005356 -0.023822
-0.085081 0.894971 0.613328 1.557543 -0.005188 -0.023818
-0.085070 0.894976 0.613306 1.557466 -0.005020 -0.023814
-0.085059 0.894980 0.613282 1.557388 -0.004853 -0.023810
-0.085049 0.894985 0.613260 1.557311 -0.004688 -0.023806
-0.088666 0.886283 0.635108 1.582591 0.000303 -0.017516
-0.088651 0.886289 0.635086 1.582514 0.000470 -0.017513
-0.088637 0.886295 0.635064 1.582438 0.000638 -0.017509
-0.088622 0.886301 0.635043 1.582362 0.000806 -0.017506
-0.088608 0.886307 0.635021 1.582285 0.000972 -0.017502
-0.088593 0.886313 0.634999 1.582209 0.001140 -0.017499
-0.088579 0.886319 0.634978 1.582133 0.001309 -0.017495
-0.088564 0.886325 0.634956 1.582057 0.001476 -0.017492
-0.088550 0.886331 0.634935 1.581981 0.001645 -0.017489
-0.086953 0.883703 0.639160 1.586911 0.002596 -0.018152
-0.104150 0.890151 0.596939 1.537913 -0.007514 -0.000843
-0.085260 0.891041 0.614376 1.556450 0.000920 -0.021736
-0.095758 0.881600 0.634930 1.581949 0.001472 -0.007778
-0.109461 0.883449 0.617193 1.561881 -0.004140 0.006888
-0.092464 0.885103 0.620644 1.564613 0.000028 -0.011993
-0.106368 0.886442 0.600287 1.541649 -0.006242 0.003055
-0.092731 0.884748 0.630208 1.575319 0.002911 -0.011521
-0.084543 0.888084 0.623662 1.567391 0.003499 -0.021438
-0.093586 0.885620 0.621660 1.566422 -0.001619 -0.011230
0.000000 0.000000 0.000000 0.000000 -0.000000 0.000000
-0.096738 0.888124 0.610132 1.552137 -0.001617 -0.007419
-0.107685 0.884225 0.607961 1.551002 -0.007027 0.005240
-0.109206 0.877673 0.638642 1.585058 0.006265 0.009385
-0.110037 0.881259 0.627635 1.572668 0.000077 0.009143
-0.086221 0.881788 0.634106 1.581252 0.001673 -0.018497
-0.097041 0.884283 0.627317 1.572234 0.001721 -0.006031
-0.095690 0.882805 0.640174 1.587126 0.002977 -0.007699
-0.100438 0.878585 0.640226 1.587091 0.006891 -0.000394
-0.124631 0.883483 0.605092 1.546556 -0.005349 0.025452
-0.116765 0.870090 0.655528 1.606489 0.005212 0.020017
-0.100524 0.879158 0.637401 1.584593 0.002270 -0.000834
-0.077695 0.888367 0.616372 1.560222 -0.001217 -0.029266
-0.092826 0.882006 0.646314 1.594097 0.007322 -0.009787
-0.114021 0.876925 0.628842 1.574886 0.000639 0.015182
-0.069491 0.894518 0.593189 1.532481 -0.003667 -0.039725
-0.081194 0.886148 0.622580 1.567804 -0.001163 -0.024930
-0.110798 0.878510 0.631433 1.577703 0.003791 0.011460
-0.110847 0.878508 0.631508 1.577675 0.003870 0.011483
-0.110865 0.878516 0.631520 1.577621 0.004057 0.011511
-0.110870 0.878526 0.631512 1.577559 0.004272 0.011534
-0.110869 0.878536 0.631496 1.577493 0.004499 0.011555
-0.110865 0.878547 0.631475 1.577425 0.004730 0.011576
-0.110861 0.878558 0.631455 1.577356 0.004962 0.011595
-0.110856 0.878569 0.631433 1.577287 0.005195 0.011615
-0.110850 0.878581 0.631411 1.577217 0.005429 0.011634
-0.107471 0.883980 0.603425 1.545272 -0.005187 0.006180
-0.096540 0.884811 0.620185 1.564764 -0.003101 -0.006922
