x y z alpha beta gamma
-0.059433 0.887141 0.670226 1.631000 0.002532 -0.054275
-0.059436 0.887141 0.670205 1.630977 0.002529 -0.054271
-0.059439 0.887141 0.670185 1.630954 0.002528 -0.054267
-0.059443 0.887141 0.670164 1.630931 0.002525 -0.054264
-0.059446 0.887141 0.670143 1.630908 0.002522 -0.054260
-0.059449 0.887141 0.670122 1.630885 0.002520 -0.054257
-0.059452 0.887140 0.670102 1.630862 0.002517 -0.054253
-0.059456 0.887140 0.670081 1.630839 0.002515 -0.054249
-0.059459 0.887140 0.670060 1.630816 0.002513 -0.054246
-0.059462 0.887140 0.670040 1.630793 0.002510 -0.054242
-0.059465 0.887140 0.670019 1.630770 0.002508 -0.054239
-0.059468 0.887140 0.669998 1.630747 0.002505 -0.054235
-0.059472 0.887140 0.669977 1.630723 0.002503 -0.054232
-0.059475 0.887139 0.669957 1.630701 0.002500 -0.054228
-0.059478 0.887139 0.669936 1.630678 0.002498 -0.054224
-0.059481 0.887139 0.669915 1.630654 0.002495 -0.054221
-0.059485 0.887139 0.669895 1.630632 0.002492 -0.054217
-0.059488 0.887139 0.669874 1.630608 0.002490 -0.054214
-0.059491 0.887139 0.669853 1.630585 0.002488 -0.054210
-0.059495 0.887139 0.669832 1.630562 0.002485 -0.054206
-0.059524 0.887146 0.669751 1.630530 0.002779 -0.054176
-0.110241 0.878802 0.613307 1.556825 -0.000327 0.012112
-0.110320 0.878822 0.613285 1.556806 -0.000284 0.012186
-0.110395 0.878842 0.613265 1.556786 -0.000261 0.012263
-0.110458 0.878859 0.613239 1.556760 -0.000249 0.012331
-0.110496 0.878867 0.613214 1.556733 -0.000241 0.012372
-0.110516 0.878869 0.613190 1.556707 -0.000240 0.012394
-0.110529 0.878869 0.613166 1.556680 -0.000243 0.012407
-0.110538 0.878869 0.613141 1.556651 -0.000243 0.012418
-0.110547 0.878868 0.613115 1.556622 -0.000245 0.012427
-0.110560 0.878865 0.613062 1.556562 -0.000246 0.012442
-0.110565 0.878863 0.613035 1.556532 -0.000247 0.012448
-0.110570 0.878861 0.613008 1.556502 -0.000248 0.012454
-0.110575 0.878860 0.612981 1.556471 -0.000249 0.012459
-0.110579 0.878857 0.612954 1.556441 -0.000250 0.012464
-0.110584 0.878855 0.612927 1.556411 -0.000251 0.012469
-0.110588 0.878853 0.612900 1.556381 -0.000253 0.012475
-0.110592 0.878851 0.612874 1.556351 -0.000254 0.012479
-0.110597 0.878849 0.612846 1.556320 -0.000255 0.012484
-0.110601 0.878847 0.612820 1.556290 -0.000256 0.012489
-0.110605 0.878845 0.612792 1.556259 -0.000258 0.012494
-0.110609 0.878843 0.612765 1.556229 -0.000259 0.012499
-0.110613 0.878841 0.612738 1.556198 -0.000260 0.012504
-0.110618 0.878839 0.612712 1.556168 -0.000262 0.012509
-0.110622 0.878837 0.612685 1.556138 -0.000262 0.012514
-0.135987 0.879647 0.679463 1.642508 0.008911 0.045654
-0.109860 0.879315 0.608572 1.550207 0.000010 0.011221
-0.119576 0.878772 0.627335 1.574894 0.001425 0.024352
-0.132340 0.878789 0.640409 1.591906 0.004395 0.040523
-0.032979 0.888165 0.635297 1.586242 -0.005265 -0.088771
-0.094283 0.883963 0.654347 1.610390 0.002752 -0.009080
-0.113239 0.878741 0.610217 1.552678 -0.001504 0.015954
-0.131353 0.874725 0.598394 1.536663 0.002814 0.039674
-0.099110 0.883784 0.651329 1.605734 0.004086 -0.003203
-0.089693 0.879400 0.598493 1.537080 -0.002713 -0.014507
-0.119091 0.876289 0.609641 1.551491 -0.000980 0.024012
-0.091208 0.881882 0.601719 1.541169 -0.002428 -0.013184
-0.136750 0.874250 0.638591 1.588969 0.004430 0.047371
-0.078178 0.885052 0.626612 1.573721 -0.001961 -0.030263
-0.078287 0.885084 0.626419 1.573599 -0.001415 -0.030196
-0.078248 0.885046 0.626370 1.573569 -0.001218 -0.030279
-0.078178 0.885010 0.626325 1.573525 -0.001142 -0.030383
-0.078134 0.884984 0.626305 1.573505 -0.001106 -0.030443
-0.078153 0.884988 0.626270 1.573468 -0.001091 -0.030429
-0.078177 0.884992 0.626246 1.573442 -0.001079 -0.030404
-0.078200 0.884996 0.626223 1.573416 -0.001078 -0.030380
-0.078222 0.885001 0.626198 1.573388 -0.001079 -0.030357
-0.078244 0.885005 0.626171 1.573358 -0.001081 -0.030332
-0.078267 0.885009 0.626143 1.573328 -0.001083 -0.030307
-0.078289 0.885014 0.626116 1.573298 -0.001083 -0.030281
-0.078311 0.885018 0.626089 1.573268 -0.001085 -0.030257
-0.078330 0.885020 0.626062 1.573239 -0.001088 -0.030235
-0.078345 0.885022 0.626035 1.573208 -0.001089 -0.030218
-0.078359 0.885023 0.626009 1.573178 -0.001091 -0.030203
-0.025914 0.885938 0.604401 1.545654 -0.009793 -0.098162
-0.116129 0.877531 0.667472 1.627629 0.003425 0.020491
-0.078282 0.882447 0.673752 1.635151 0.006885 -0.029641
-0.114333 0.880549 0.662991 1.621134 0.006221 0.017525
-0.100816 0.878934 0.608248 1.549345 -0.001628 -0.000078
-0.127281 0.876964 0.605898 1.546052 0.000161 0.034930
-0.136542 0.876359 0.631403 1.579723 0.001954 0.047434
-0.063829 0.882258 0.634817 1.584539 0.000650 -0.048460
-0.074411 0.878101 0.592602 1.528732 -0.003779 -0.034285
-0.086067 0.881005 0.657089 1.613464 0.005560 -0.019337
-0.076180 0.880751 0.591047 1.527040 -0.003557 -0.031983
-0.042221 0.882552 0.640775 1.592220 0.000821 -0.076903
-0.088694 0.881390 0.660373 1.618214 0.002783 -0.015845
-0.091884 0.880918 0.607193 1.548210 -0.001037 -0.011484
-0.064420 0.881968 0.635020 1.584847 -0.000238 -0.047811
-0.052550 0.881284 0.599172 1.538064 -0.005903 -0.062960
-0.059402 0.880161 0.623290 1.569158 0.001121 -0.053864
-0.136835 0.879351 0.658942 1.615807 0.002947 0.047398
-0.123290 0.878320 0.572710 1.503354 -0.004008 0.030012
-0.138718 0.876417 0.661732 1.619467 0.004220 0.050312
-0.102214 0.882743 0.625601 1.572334 0.001797 0.001652
-0.103040 0.882185 0.625965 1.572412 0.006273 0.002885
-0.067736 0.881889 0.620315 1.565618 0.000178 -0.042885
-0.069472 0.880495 0.634292 1.583455 0.000901 -0.040584
-0.114400 0.881156 0.677714 1.639847 0.007960 0.018311
-0.108456 0.880227 0.628438 1.575703 0.001960 0.010298
-0.076044 0.878044 0.598928 1.537146 -0.000447 -0.032278
-0.121441 0.883287 0.657008 1.613102 0.007042 0.027148
-0.079887 0.880759 0.603379 1.543594 -0.003616 -0.026495
-0.080808 0.881080 0.673150 1.634254 0.001126 -0.025570
-0.113054 0.881544 0.599942 1.539357 -0.000860 0.016551
-0.086184 0.880372 0.609709 1.551966 0.001343 -0.018395
-0.087127 0.880309 0.610394 1.552538 -0.002066 -0.017424
-0.167222 0.878837 0.615733 1.559753 0.004002 0.086805
-0.082369 0.878237 0.607713 1.549194 -0.001068 -0.023259
-0.082502 0.878249 0.607726 1.549175 -0.001169 -0.023184
-0.082614 0.878268 0.607716 1.549155 -0.001191 -0.023089
-0.082688 0.878282 0.607689 1.549122 -0.001201 -0.023020
-0.082723 0.878285 0.607660 1.549088 -0.001205 -0.022989
-0.082743 0.878286 0.607628 1.549053 -0.001209 -0.022968
-0.082760 0.878286 0.607596 1.549016 -0.001212 -0.022952
-0.082775 0.878286 0.607563 1.548979 -0.001217 -0.022935
-0.082789 0.878287 0.607529 1.548941 -0.001221 -0.022919
-0.082803 0.878287 0.607496 1.548903 -0.001224 -0.022904
-0.082817 0.878287 0.607462 1.548866 -0.001228 -0.022888
-0.082831 0.878287 0.607429 1.548828 -0.001231 -0.022872
-0.082845 0.878287 0.607396 1.548791 -0.001235 -0.022856
-0.082859 0.878288 0.607363 1.548753 -0.001239 -0.022840
-0.082873 0.878288 0.607329 1.548716 -0.001243 -0.022824
-0.082887 0.878288 0.607296 1.548678 -0.001247 -0.022809
-0.082901 0.878288 0.607262 1.548641 -0.001251 -0.022793
-0.133267 0.883470 0.641644 1.593349 0.000102 0.042545
-0.104865 0.879932 0.603593 1.544069 -0.001902 0.006003
-0.095726 0.876815 0.593872 1.530868 -0.003022 -0.005841
-0.069811 0.882211 0.631195 1.579656 -0.002806 -0.039806
-0.075302 0.881871 0.635435 1.584858 0.000613 -0.032749
-0.101063 0.879913 0.622944 1.569079 -0.000356 0.000365
-0.101247 0.878879 0.584771 1.519618 -0.001479 0.000775
-0.097757 0.879729 0.614929 1.558446 -0.000155 -0.003722
-0.096963 0.878769 0.609965 1.552019 -0.003864 -0.004684
-0.108578 0.881468 0.597986 1.536552 -0.000681 0.010380
-0.133385 0.877938 0.632830 1.581563 0.003113 0.042828
-0.057917 0.881734 0.602658 1.542179 -0.003135 -0.056009
-0.108666 0.881590 0.632407 1.580696 0.002210 0.009870
-0.094833 0.880527 0.659536 1.616159 0.004683 -0.007711
-0.106597 0.879663 0.583862 1.517939 -0.002398 0.007705
-0.096267 0.880672 0.658615 1.615355 0.005350 -0.006214
-0.089722 0.882558 0.626961 1.574051 -0.001748 -0.014886
-0.065791 0.882689 0.603687 1.543998 -0.003496 -0.045527
-0.059939 0.882594 0.645273 1.598178 0.001187 -0.053366
-0.091621 0.884022 0.630329 1.578554 -0.000264 -0.012431
-0.095863 0.881571 0.644633 1.597038 0.003374 -0.006703
-0.059374 0.884478 0.650269 1.604888 -0.000244 -0.054014
-0.142030 0.876802 0.639952 1.591156 0.000410 0.054006
-0.058840 0.881870 0.590291 1.527419 -0.011693 -0.053807
-0.081320 0.883930 0.614738 1.558773 -0.005089 -0.025215
-0.101365 0.884393 0.654978 1.611211 0.002193 0.000220
-0.140744 0.878290 0.639983 1.591105 0.003450 0.051805
-0.068560 0.882502 0.667164 1.626830 0.001922 -0.042059
-0.097289 0.881213 0.646911 1.599838 0.003095 -0.004618
-0.105894 0.883655 0.666310 1.625618 0.006260 0.006469
-0.097820 0.883284 0.652994 1.608648 0.000854 -0.003784
-0.098479 0.879318 0.624707 1.571546 0.001049 -0.003127
-0.075071 0.881095 0.616369 1.561130 -0.006702 -0.032762
-0.152657 0.870466 0.578341 1.510582 0.008170 0.066829
-0.101413 0.876758 0.590112 1.526962 -0.003566 0.001359
-0.064291 0.887648 0.675709 1.638047 0.000222 -0.047293
-0.109615 0.880181 0.628214 1.576120 0.004390 0.010804
-0.104725 0.875957 0.591179 1.528243 -0.002465 0.005517
-0.113133 0.878611 0.621087 1.567093 -0.002115 0.016572
-0.066314 0.872761 0.572585 1.504394 -0.012206 -0.042766
-0.106251 0.873668 0.591239 1.527692 -0.002152 0.007868
-0.127497 0.879891 0.626494 1.573981 0.003761 0.034224
-0.112934 0.882330 0.635126 1.585861 0.002762 0.015210
-0.112458 0.882094 0.635669 1.586295 0.001919 0.014878
-0.112331 0.882003 0.635910 1.586419 0.001365 0.014737
-0.112538 0.882105 0.635798 1.586251 0.001178 0.014975
-0.112600 0.882131 0.635754 1.586206 0.001154 0.015082
-0.112572 0.882112 0.635753 1.586184 0.001070 0.015059
-0.112514 0.882095 0.635719 1.586130 0.000998 0.015002
-0.112459 0.882077 0.635687 1.586084 0.000946 0.014952
-0.112457 0.882074 0.635664 1.586047 0.000890 0.014961
-0.112472 0.882082 0.635620 1.585989 0.000841 0.014990
-0.112495 0.882090 0.635587 1.585943 0.000792 0.015028
-0.112518 0.882097 0.635554 1.585896 0.000740 0.015065
-0.112538 0.882104 0.635517 1.585845 0.000689 0.015099
-0.112547 0.882108 0.635479 1.585793 0.000640 0.015122
-0.112546 0.882108 0.635442 1.585742 0.000588 0.015133
-0.112540 0.882106 0.635406 1.585692 0.000537 0.015138
-0.112533 0.882104 0.635369 1.585640 0.000484 0.015142
-0.112524 0.882101 0.635332 1.585589 0.000432 0.015144
-0.112515 0.882098 0.635295 1.585537 0.000381 0.015146
-0.112506 0.882095 0.635258 1.585486 0.000329 0.015147
-0.112496 0.882093 0.635221 1.585435 0.000277 0.015149
-0.112487 0.882090 0.635184 1.585383 0.000224 0.015150
-0.112477 0.882087 0.635147 1.585332 0.000173 0.015151
-0.112467 0.882084 0.635110 1.585281 0.000121 0.015153
-0.112458 0.882081 0.635074 1.585230 0.000069 0.015154
-0.112448 0.882078 0.635037 1.585179 0.000018 0.015155
-0.112438 0.882075 0.635000 1.585128 -0.000034 0.015156
-0.112428 0.882072 0.634964 1.585077 -0.000086 0.015157
-0.112418 0.882069 0.634926 1.585025 -0.000138 0.015158
-0.080881 0.886207 0.636601 1.588141 -0.003570 -0.025479
-0.054247 0.883632 0.639664 1.591685 -0.003946 -0.059824
-0.086630 0.880111 0.629596 1.578430 -0.002971 -0.017683
-0.109973 0.874569 0.589294 1.525298 -0.000883 0.012202
-0.087528 0.878446 0.624361 1.571232 -0.002666 -0.016510
-0.141221 0.885655 0.685882 1.650951 0.008966 0.052127
-0.118339 0.884012 0.637997 1.589354 0.008431 0.022072
-0.089861 0.881722 0.616769 1.562240 -0.001275 -0.013687
-0.086946 0.881664 0.613194 1.557501 -0.001522 -0.017466
-0.105143 0.886663 0.660311 1.618170 0.004393 0.005462
-0.090964 0.885078 0.646109 1.600196 0.001125 -0.012332
-0.085519 0.887997 0.663046 1.622265 -0.000121 -0.019027
-0.073175 0.871107 0.587506 1.522949 -0.006933 -0.034664
-0.070261 0.874032 0.595847 1.534133 -0.005002 -0.038561
-0.095559 0.877218 0.610044 1.552539 0.002184 -0.006666
-0.094357 0.884193 0.646069 1.599899 -0.000351 -0.007510
-0.124083 0.878803 0.621608 1.567837 0.005530 0.029979
-0.124052 0.878788 0.621599 1.567804 0.005447 0.029951
-0.124003 0.878775 0.621572 1.567757 0.005388 0.029909
-0.123957 0.878761 0.621546 1.567715 0.005336 0.029873
-0.123938 0.878755 0.621524 1.567677 0.005281 0.029867
-0.123932 0.878757 0.621490 1.567625 0.005230 0.029876
-0.123932 0.878759 0.621462 1.567582 0.005180 0.029892
-0.123932 0.878761 0.621434 1.567537 0.005128 0.029908
-0.123932 0.878762 0.621406 1.567493 0.005077 0.029923
-0.123933 0.878764 0.621378 1.567448 0.005025 0.029940
-0.123933 0.878765 0.621351 1.567405 0.004973 0.029956
-0.123934 0.878767 0.621324 1.567361 0.004921 0.029973
-0.123934 0.878768 0.621296 1.567317 0.004870 0.029989
-0.123934 0.878770 0.621269 1.567273 0.004817 0.030005
-0.123934 0.878771 0.621239 1.567227 0.004766 0.030020
-0.107210 0.881777 0.615010 1.560005 0.001153 0.008858
-0.100956 0.884460 0.648757 1.603562 0.004474 0.000078
-0.083998 0.882577 0.635013 1.585710 0.001086 -0.022009
-0.110637 0.875090 0.591670 1.527774 -0.000803 0.013687
-0.089032 0.883532 0.633234 1.584130 -0.001163 -0.015298
-0.107161 0.888380 0.665929 1.628017 0.005752 0.008272
-0.112957 0.876362 0.602474 1.541247 -0.000275 0.016989
-0.083188 0.882291 0.625014 1.572421 -0.001934 -0.023800
-0.115361 0.882135 0.627244 1.575322 0.004656 0.019569
-0.103865 0.878320 0.616282 1.559821 -0.002212 0.004891
-0.102156 0.879126 0.615101 1.557977 0.001597 0.001752
-0.097886 0.881550 0.627010 1.574713 0.001180 -0.004531
-0.111404 0.881515 0.629961 1.579208 0.002042 0.014835
-0.101228 0.883412 0.635028 1.586476 0.003378 0.000166
-0.109649 0.881227 0.630362 1.579717 0.000743 0.012762
-0.096142 0.880617 0.624035 1.570538 0.000592 -0.007129
-0.091864 0.880084 0.620823 1.566036 0.000782 -0.012994
-0.113268 0.882778 0.629343 1.579095 0.000463 0.018314
-0.103530 0.879046 0.620516 1.565322 -0.002337 0.004715
-0.115857 0.879365 0.619406 1.564195 -0.001652 0.022916
-0.102883 0.879432 0.624888 1.571922 -0.002104 0.003563
-0.105295 0.879597 0.617846 1.561559 -0.003515 0.007396
-0.104180 0.879230 0.619152 1.563274 -0.001781 0.005545
-0.091430 0.878574 0.626655 1.574511 -0.000915 -0.013795
-0.101642 0.879346 0.623715 1.570216 0.000419 0.001678
-0.103517 0.878268 0.623084 1.568982 0.001754 0.004715
-0.102260 0.879529 0.625225 1.572809 0.000002 0.002829
-0.097028 0.880704 0.624651 1.571801 0.002939 -0.005773
-0.096783 0.878901 0.626916 1.575067 -0.001670 -0.005550
-0.101288 0.882228 0.628424 1.578142 0.001117 0.001140
-0.099415 0.880332 0.623319 1.569621 0.000732 -0.001783
-0.105882 0.881456 0.625373 1.573477 0.000572 0.008660
-0.099967 0.879339 0.620771 1.565595 -0.001286 -0.000519
-0.097491 0.880766 0.629263 1.579220 0.002469 -0.004700
-0.099855 0.880939 0.626344 1.574865 0.000178 -0.000560
-0.095789 0.880985 0.624469 1.571893 0.000977 -0.007474
-0.100302 0.877418 0.623216 1.568690 0.000190 0.000180
-0.099701 0.879809 0.625849 1.574096 -0.001086 -0.000992
-0.099980 0.880413 0.625338 1.573592 0.001465 -0.000732
-0.097715 0.877958 0.624936 1.572113 -0.000398 -0.004265
-0.099059 0.880008 0.623386 1.569990 -0.002338 -0.001378
-0.100255 0.880323 0.625502 1.573578 0.000053 0.000484
-0.100430 0.877958 0.621461 1.566386 -0.002565 0.000717
-0.097596 0.879486 0.624931 1.572792 0.000276 -0.004580
-0.099189 0.881152 0.626250 1.575154 -0.001913 -0.000747
-0.094416 0.877792 0.625825 1.573444 -0.001851 -0.009690
-0.097129 0.877551 0.624174 1.570588 -0.000656 -0.005294
-0.096985 0.881110 0.624168 1.572029 0.003263 -0.005726
-0.098383 0.878397 0.623203 1.569530 -0.000202 -0.002883
-0.099380 0.879757 0.624218 1.571629 0.001040 -0.001198
-0.097244 0.877364 0.624087 1.570254 -0.002203 -0.004357
-0.098347 0.878417 0.624878 1.571931 -0.001628 -0.002191
-0.098734 0.877122 0.622236 1.567245 0.000624 -0.002150
-0.097772 0.878861 0.626167 1.574909 0.002855 -0.004144
-0.098742 0.879178 0.622993 1.569295 -0.000374 -0.001501
-0.100069 0.879648 0.626148 1.574590 -0.000274 0.000703
-0.099970 0.877920 0.623383 1.569626 0.001342 -0.000346
-0.100121 0.877976 0.623497 1.569817 0.001453 -0.000076
-0.096966 0.878680 0.624147 1.571340 0.001907 -0.005307
-0.097325 0.878830 0.624193 1.571414 0.001880 -0.004838
-0.097519 0.878902 0.624317 1.571548 0.001771 -0.004574
-0.098297 0.880786 0.625203 1.573562 -0.000386 -0.002417
-0.098355 0.880818 0.625303 1.573670 -0.000492 -0.002301
-0.098387 0.880844 0.625392 1.573766 -0.000601 -0.002215
-0.098397 0.880861 0.625484 1.573862 -0.000719 -0.002153
-0.096763 0.879425 0.626209 1.574850 -0.001049 -0.005067
-0.096811 0.878677 0.624822 1.572606 0.002116 -0.005970
-0.096658 0.877267 0.623455 1.569480 -0.000806 -0.005628
-0.095936 0.881037 0.625954 1.574720 -0.000525 -0.006432
-0.101112 0.880209 0.624023 1.571100 0.002154 0.001972
-0.097381 0.879184 0.624137 1.571132 -0.000607 -0.004483
-0.097885 0.877326 0.622046 1.566801 -0.000687 -0.003660
-0.098540 0.878862 0.624000 1.570321 -0.001968 -0.002153
-0.100269 0.881073 0.624922 1.572863 0.002398 0.000462
0.000000 0.000000 0.000000 0.000000 -0.000000 0.000000
0.000000 0.000000 0.000000 0.000000 -0.000000 0.000000
-0.099677 0.882523 0.627144 1.576967 0.000143 -0.000266
-0.097571 0.880643 0.625305 1.573013 -0.002071 -0.003404
0.000000 0.000000 0.000000 0.000000 -0.000000 0.000000
-0.102091 0.878663 0.619557 1.563005 -0.001055 0.003954
-0.098983 0.881770 0.627501 1.577353 0.001806 -0.001612
0.000000 0.000000 0.000000 0.000000 -0.000000 0.000000
0.000000 0.000000 0.000000 0.000000 -0.000000 0.000000
-0.097013 0.879990 0.624951 1.572707 -0.002733 -0.004254
-0.099229 0.879098 0.623209 1.569806 0.002667 -0.001874
-0.098011 0.878002 0.625031 1.572052 -0.001184 -0.003240
-0.102708 0.882202 0.629717 1.580523 0.000536 0.004152
-0.091892 0.878045 0.628612 1.577714 -0.001336 -0.012766
-0.101887 0.880288 0.619604 1.564543 -0.001033 0.003266
-0.100675 0.880411 0.621626 1.567578 0.000019 0.001379
-0.099707 0.878261 0.621028 1.566295 -0.001784 -0.000108
-0.099256 0.878219 0.623727 1.570306 -0.000049 -0.001225
0.000000 0.000000 0.000000 0.000000 -0.000000 0.000000
-0.097420 0.880365 0.631559 1.582695 0.001719 -0.004401
-0.093994 0.875739 0.620834 1.565328 -0.001171 -0.009606
-0.108624 0.880945 0.622811 1.569864 0.000458 0.012884
-0.101341 0.881823 0.625755 1.574051 -0.000955 0.001815
-0.102827 0.881770 0.623281 1.571201 0.002913 0.003601
-0.093150 0.879776 0.627668 1.576309 -0.003904 -0.009491
-0.092883 0.880364 0.626443 1.574938 -0.000833 -0.010501
-0.107179 0.884751 0.629130 1.579824 0.000916 0.010597
-0.097986 0.881823 0.635530 1.587748 0.003056 -0.003860
-0.095770 0.879608 0.623874 1.570994 0.001125 -0.006774
-0.110341 0.883845 0.634736 1.586788 0.005236 0.013481
-0.100357 0.882109 0.630140 1.580306 -0.000408 0.000125
-0.099947 0.880081 0.634654 1.585928 0.000879 -0.000502
-0.109234 0.882928 0.627283 1.576388 0.001013 0.012161
-0.114450 0.881152 0.617723 1.563138 0.003327 0.019114
-0.103933 0.879786 0.626813 1.574725 0.001722 0.004687
-0.099338 0.879045 0.626820 1.574593 -0.000743 -0.001193
-0.081056 0.882036 0.645883 1.600931 -0.003524 -0.025681
-0.116916 0.879782 0.612958 1.556599 0.001818 0.022425
-0.072812 0.879142 0.625583 1.573235 -0.007489 -0.036195
-0.100493 0.884116 0.645009 1.599469 0.003337 -0.000312
-0.101833 0.882732 0.614842 1.559747 0.001686 0.001483
-0.117594 0.883199 0.623313 1.570845 0.006073 0.021616
-0.106670 0.882173 0.631393 1.581354 0.000960 0.008050
-0.109858 0.881996 0.615807 1.561206 0.001391 0.012103
-0.054249 0.881417 0.633915 1.584444 -0.011993 -0.058804
-0.109832 0.881616 0.645770 1.599182 0.002680 0.011938
-0.108796 0.877445 0.599846 1.539579 -0.001052 0.011063
-0.108384 0.877299 0.599875 1.539560 -0.001237 0.010617
-0.108203 0.877260 0.599801 1.539462 -0.001321 0.010450
-0.108078 0.877227 0.599783 1.539438 -0.001370 0.010358
-0.089261 0.881761 0.622692 1.569660 -0.003191 -0.014383
-0.089134 0.881728 0.622686 1.569637 -0.003276 -0.014489
-0.089065 0.881712 0.622695 1.569630 -0.003362 -0.014532
-0.089026 0.881714 0.622681 1.569600 -0.003443 -0.014542
-0.078490 0.880702 0.622765 1.569542 -0.001780 -0.028774
-0.083807 0.884421 0.655647 1.613013 -0.002358 -0.021874
-0.109132 0.879633 0.631904 1.581011 0.001961 0.011393
-0.078742 0.875432 0.602363 1.541974 -0.005616 -0.027853
-0.131426 0.879564 0.609703 1.552864 0.005335 0.040413
-0.088496 0.883695 0.646694 1.601356 -0.001323 -0.015563
-0.110281 0.877427 0.596824 1.535585 0.000128 0.013206
-0.071894 0.880856 0.635303 1.586027 -0.004382 -0.036933
-0.112324 0.879476 0.612420 1.556116 0.003681 0.015500
-0.094537 0.882837 0.629313 1.578245 -0.003411 -0.007147
-0.095218 0.874925 0.606207 1.547080 -0.001841 -0.006437
-0.095598 0.883679 0.643724 1.597224 -0.000190 -0.005970
-0.083906 0.876278 0.613511 1.556667 -0.004760 -0.020806
-0.082121 0.883954 0.646913 1.601491 -0.003737 -0.023062
-0.111825 0.880542 0.620693 1.566845 0.000182 0.015466
-0.094597 0.882262 0.634420 1.585053 0.000817 -0.007242
-0.099234 0.875824 0.604063 1.544836 -0.001168 -0.001105
-0.100924 0.883799 0.630953 1.580776 -0.001312 0.001229
-0.092333 0.880212 0.618164 1.563463 -0.004612 -0.009256
-0.110326 0.886357 0.637249 1.589114 -0.001496 0.013359
-0.116614 0.879120 0.609915 1.553042 0.002759 0.021129
-0.108541 0.879431 0.605482 1.547647 0.001835 0.011145
-0.093420 0.885531 0.648594 1.603456 -0.001320 -0.008273
-0.094709 0.878116 0.626351 1.573724 -0.000254 -0.007419
-0.100035 0.879895 0.619924 1.565706 0.000332 -0.000098
-0.110391 0.878403 0.610603 1.553844 0.001146 0.013424
-0.109754 0.889303 0.644785 1.598961 0.001180 0.012899
-0.095314 0.882256 0.627702 1.576253 -0.001128 -0.005856
-0.118016 0.887007 0.626984 1.576316 0.002953 0.023544
-0.096307 0.881182 0.628071 1.576451 -0.002225 -0.004319
-0.101516 0.883365 0.621616 1.568754 -0.002167 0.002836
-0.085061 0.873033 0.612534 1.555182 -0.001059 -0.019679
-0.083472 0.876129 0.621872 1.567407 -0.003748 -0.020998
-0.103537 0.881759 0.621611 1.568370 -0.000342 0.005248
-0.114475 0.887879 0.634031 1.584991 0.001706 0.019115
-0.102434 0.886242 0.641298 1.593640 -0.000483 0.003738
-0.100918 0.883364 0.625448 1.574136 0.004648 0.001167
-0.092616 0.878386 0.623238 1.570013 0.000608 -0.009864
-0.102512 0.882355 0.625073 1.573023 0.002493 0.003213
-0.090670 0.881880 0.640036 1.591790 0.000040 -0.011415
-0.086353 0.882299 0.634993 1.585392 -0.001466 -0.016609
-0.087643 0.881669 0.634093 1.584318 0.001423 -0.015330
-0.101909 0.884954 0.642204 1.594732 -0.001206 0.003237
-0.106031 0.887911 0.636178 1.587290 -0.001274 0.009409
-0.106088 0.887582 0.634631 1.585575 0.000206 0.009209
-0.096355 0.880702 0.616048 1.560983 0.000325 -0.003986
-0.087851 0.877684 0.614483 1.558095 -0.003426 -0.014666
-0.104700 0.885662 0.630525 1.579662 -0.001214 0.006941
-0.087212 0.877203 0.623572 1.569613 -0.002718 -0.016225
-0.108710 0.881882 0.617956 1.563032 0.000474 0.011886
-0.086439 0.882281 0.641205 1.593181 -0.000168 -0.016490
-0.096933 0.883894 0.626419 1.574269 -0.000090 -0.002835
-0.096713 0.882263 0.624834 1.571332 -0.002679 -0.003297
-0.096857 0.881324 0.621865 1.568404 0.002961 -0.003514
-0.090254 0.880637 0.628052 1.575846 0.001742 -0.012010
-0.122001 0.889652 0.634768 1.585118 0.001944 0.029323
-0.079812 0.876900 0.639656 1.590461 -0.002191 -0.025942
-0.107291 0.882167 0.631449 1.580309 0.000351 0.009992
-0.102801 0.882880 0.607254 1.549127 0.000705 0.004570
-0.096564 0.881271 0.622463 1.568880 0.001569 -0.004075
-0.111486 0.882988 0.609422 1.552012 0.001412 0.015519
-0.099117 0.882106 0.625848 1.573426 0.002032 -0.000828
-0.114083 0.885515 0.616152 1.560265 -0.001303 0.019359
-0.099151 0.880657 0.625627 1.572167 -0.002626 -0.000544
-0.099238 0.880657 0.625406 1.572082 -0.002293 -0.000527
-0.099288 0.880656 0.625300 1.572028 -0.002167 -0.000514
-0.093550 0.877074 0.617122 1.561380 0.000328 -0.008522
-0.093571 0.877074 0.617076 1.561339 0.000342 -0.008509
-0.093588 0.877075 0.617036 1.561298 0.000346 -0.008496
-0.093602 0.877076 0.616998 1.561258 0.000345 -0.008482
-0.093615 0.877077 0.616961 1.561217 0.000341 -0.008469
-0.093627 0.877078 0.616925 1.561177 0.000336 -0.008456
-0.093639 0.877080 0.616890 1.561136 0.000332 -0.008443
-0.093651 0.877081 0.616855 1.561096 0.000326 -0.008430
-0.093663 0.877082 0.616820 1.561057 0.000321 -0.008417
-0.093674 0.877084 0.616785 1.561017 0.000317 -0.008405
-0.093685 0.877085 0.616750 1.560978 0.000312 -0.008392
-0.093696 0.877086 0.616716 1.560938 0.000307 -0.008380
-0.093707 0.877088 0.616682 1.560899 0.000301 -0.008367
-0.093718 0.877089 0.616648 1.560860 0.000297 -0.008355
-0.093730 0.877091 0.616613 1.560821 0.000291 -0.008343
-0.093740 0.877092 0.616579 1.560782 0.000287 -0.008331
-0.080864 0.875984 0.631010 1.579520 0.001113 -0.024673
-0.093980 0.883043 0.641402 1.592671 -0.001687 -0.006949
-0.087262 0.880291 0.641069 1.592320 0.000718 -0.015782
-0.074900 0.877453 0.620206 1.565809 0.000228 -0.031912
-0.114010 0.881619 0.614682 1.558362 0.000945 0.018170
-0.138316 0.888174 0.633555 1.582881 0.000975 0.049163
-0.088631 0.878883 0.625826 1.572747 0.000612 -0.014563
-0.085652 0.879668 0.652777 1.607351 -0.000687 -0.018497
-0.105327 0.880659 0.626631 1.573816 0.000906 0.006776
-0.104271 0.881157 0.623568 1.570053 0.003597 0.005182
-0.133128 0.887058 0.649267 1.602957 0.004826 0.042196
-0.078156 0.880240 0.641589 1.592831 0.002272 -0.028163
-0.100382 0.881047 0.614136 1.558032 0.004043 0.000410
-0.099263 0.879892 0.611177 1.553850 -0.000993 -0.001358
-0.088912 0.880084 0.639959 1.590987 -0.001189 -0.014752
-0.086453 0.880630 0.636453 1.586310 0.002022 -0.017927
-0.080159 0.879745 0.628265 1.575534 0.000825 -0.026008
-0.064769 0.878845 0.621081 1.566679 -0.003443 -0.045946
-0.126034 0.883570 0.624993 1.571778 0.000148 0.033460
-0.089339 0.878040 0.590310 1.526594 -0.005684 -0.013886
-0.124387 0.882687 0.617073 1.561598 -0.000183 0.031219
-0.105183 0.881957 0.647954 1.601180 0.000720 0.006378
-0.128196 0.879823 0.635733 1.585201 0.000205 0.036005
-0.098741 0.881504 0.638575 1.588867 0.000792 -0.001985
-0.081406 0.881005 0.631748 1.580139 -0.000115 -0.025000
-0.084870 0.882244 0.620323 1.565658 -0.002853 -0.020704
-0.090891 0.881424 0.655888 1.611405 0.005939 -0.012695
-0.078374 0.882063 0.609855 1.551854 -0.002650 -0.029016
-0.118365 0.879876 0.638538 1.588956 0.003968 0.022661
-0.082629 0.882074 0.641566 1.593086 0.004200 -0.023668
-0.085010 0.879767 0.636361 1.586220 0.000444 -0.020518
-0.116067 0.880735 0.637518 1.587460 0.004050 0.020191
-0.119238 0.878497 0.662689 1.620106 0.006419 0.024409
-0.114806 0.880251 0.641011 1.592209 0.003747 0.018360
-0.120084 0.880788 0.611309 1.553429 0.004844 0.024572
-0.084553 0.882178 0.649914 1.603724 0.002788 -0.020963
-0.078313 0.882294 0.627906 1.575429 -0.000989 -0.029230
-0.080141 0.879649 0.585728 1.520605 -0.006552 -0.026322
-0.112612 0.880892 0.654333 1.609491 0.004730 0.015443
-0.105322 0.881812 0.622274 1.568329 -0.001913 0.005907
-0.110058 0.879345 0.638409 1.588803 0.001773 0.012311
-0.105409 0.880613 0.630077 1.578140 0.005458 0.005987
-0.105199 0.881887 0.633481 1.582803 0.000432 0.005700
-0.064367 0.882048 0.622793 1.569163 -0.004460 -0.046828
-0.122060 0.882152 0.631992 1.581007 0.002659 0.027466
-0.105367 0.885323 0.641250 1.593237 0.001140 0.005914
-0.120000 0.873087 0.570300 1.500625 -0.000411 0.025513
-0.088926 0.880931 0.610902 1.553953 -0.004241 -0.014689
-0.089036 0.880978 0.610859 1.553878 -0.004363 -0.014545
-0.089103 0.880998 0.610828 1.553832 -0.004429 -0.014454
-0.089127 0.881002 0.610796 1.553783 -0.004489 -0.014416
-0.089141 0.881003 0.610758 1.553729 -0.004538 -0.014391
-0.120192 0.873122 0.570205 1.500334 -0.001145 0.025845
-0.120196 0.873118 0.570163 1.500278 -0.001186 0.025862
-0.120199 0.873114 0.570120 1.500221 -0.001227 0.025878
-0.120201 0.873110 0.570077 1.500164 -0.001269 0.025892
-0.120203 0.873105 0.570034 1.500107 -0.001310 0.025906
-0.120204 0.873100 0.569992 1.500050 -0.001350 0.025920
-0.120205 0.873095 0.569949 1.499993 -0.001390 0.025933
-0.120206 0.873090 0.569906 1.499936 -0.001431 0.025946
-0.120207 0.873085 0.569863 1.499879 -0.001472 0.025960
-0.120207 0.873080 0.569821 1.499822 -0.001513 0.025973
-0.120208 0.873075 0.569778 1.499765 -0.001553 0.025986
-0.120209 0.873070 0.569735 1.499709 -0.001595 0.025999
-0.120210 0.873065 0.569693 1.499652 -0.001635 0.026013
-0.120210 0.873060 0.569650 1.499595 -0.001677 0.026026
-0.120211 0.873055 0.569607 1.499538 -0.001717 0.026039
-0.120212 0.873050 0.569564 1.499481 -0.001758 0.026052
-0.063257 0.882826 0.636306 1.586693 -0.001558 -0.048710
-0.063261 0.882826 0.636265 1.586639 -0.001603 -0.048697
-0.063265 0.882825 0.636224 1.586586 -0.001647 -0.048684
-0.063268 0.882825 0.636184 1.586532 -0.001693 -0.048670
0.000000 0.000000 0.000000 0.000000 -0.000000 0.000000
-0.063276 0.882824 0.636103 1.586425 -0.001784 -0.048644
-0.063279 0.882823 0.636062 1.586372 -0.001829 -0.048631
-0.063283 0.882823 0.636021 1.586318 -0.001874 -0.048618
-0.063286 0.882822 0.635981 1.586265 -0.001918 -0.048605
-0.084905 0.879087 0.600479 1.539897 -0.004657 -0.020473
-0.103586 0.878838 0.650146 1.604314 0.001001 0.003838
-0.111186 0.881078 0.646433 1.599434 0.002013 0.013442
-0.112308 0.878494 0.640464 1.591519 0.004949 0.014998
-0.113857 0.881665 0.636397 1.585804 0.003273 0.016851
-0.099305 0.883649 0.595907 1.533767 0.000461 -0.002578
-0.106982 0.880492 0.624020 1.570058 0.001014 0.007879
-0.079258 0.882009 0.626327 1.572919 0.000787 -0.028374
-0.129801 0.878312 0.621095 1.565879 0.004163 0.037818
-0.108985 0.880675 0.619142 1.563953 -0.002487 0.010753
-0.106088 0.882657 0.627053 1.574076 0.000137 0.006707
-0.106086 0.882659 0.626942 1.574010 0.000346 0.006727
-0.106045 0.882646 0.626881 1.573949 0.000367 0.006692
-0.106001 0.882632 0.626831 1.573893 0.000344 0.006657
-0.105960 0.882618 0.626790 1.573841 0.000305 0.006626
-0.105925 0.882605 0.626754 1.573795 0.000259 0.006601
-0.118422 0.882579 0.624286 1.569960 0.004688 0.022469
-0.118462 0.882591 0.624245 1.569908 0.004643 0.022528
-0.118504 0.882603 0.624207 1.569858 0.004594 0.022588
-0.118544 0.882614 0.624167 1.569805 0.004545 0.022646
-0.118574 0.882622 0.624127 1.569753 0.004498 0.022694
-0.118594 0.882626 0.624088 1.569701 0.004450 0.022729
-0.118606 0.882629 0.624050 1.569650 0.004400 0.022757
-0.118617 0.882631 0.624011 1.569598 0.004351 0.022783
-0.118626 0.882632 0.623972 1.569546 0.004303 0.022807
-0.118635 0.882633 0.623933 1.569495 0.004252 0.022831
-0.118644 0.882635 0.623894 1.569442 0.004203 0.022854
-0.118653 0.882636 0.623855 1.569391 0.004154 0.022877
-0.109821 0.882712 0.618484 1.562281 0.005408 0.011160
-0.109829 0.882713 0.618445 1.562230 0.005357 0.011183
-0.109838 0.882714 0.618407 1.562179 0.005307 0.011206
-0.109846 0.882716 0.618369 1.562128 0.005257 0.011230
-0.109854 0.882717 0.618330 1.562077 0.005207 0.011253
-0.109863 0.882718 0.618292 1.562026 0.005157 0.011276
-0.109871 0.882719 0.618254 1.561975 0.005107 0.011300
-0.121101 0.879890 0.609660 1.551101 0.003756 0.026161
-0.121109 0.879891 0.609621 1.551049 0.003706 0.026184
-0.121116 0.879892 0.609583 1.550997 0.003659 0.026207
-0.121124 0.879892 0.609544 1.550946 0.003608 0.026231
-0.121132 0.879892 0.609505 1.550894 0.003559 0.026254
-0.112501 0.877233 0.641273 1.592312 0.004967 0.015341
-0.112510 0.877235 0.641235 1.592261 0.004917 0.015365
-0.112519 0.877237 0.641197 1.592210 0.004867 0.015388
-0.112529 0.877239 0.641159 1.592159 0.004816 0.015411
-0.079421 0.879662 0.647597 1.601163 0.001094 -0.028038
-0.079431 0.879666 0.647561 1.601114 0.001042 -0.028014
-0.079440 0.879669 0.647525 1.601065 0.000990 -0.027991
-0.079449 0.879673 0.647488 1.601016 0.000938 -0.027968
-0.079459 0.879676 0.647451 1.600968 0.000885 -0.027944
-0.079468 0.879679 0.647415 1.600919 0.000833 -0.027921
-0.079478 0.879683 0.647379 1.600871 0.000780 -0.027897
-0.079487 0.879686 0.647343 1.600822 0.000729 -0.027874
-0.111406 0.878025 0.655991 1.611715 0.005715 0.014349
-0.097190 0.879817 0.631799 1.580485 -0.002239 -0.004801
-0.073249 0.881311 0.637508 1.587182 0.003551 -0.036097
-0.103239 0.878353 0.659298 1.615964 0.006091 0.003606
-0.089408 0.881513 0.600176 1.538943 -0.003889 -0.014674
-0.106385 0.881288 0.642769 1.594361 0.008336 0.007704
-0.111001 0.879893 0.638553 1.589267 0.002445 0.013782
-0.088660 0.881763 0.609969 1.551690 -0.000192 -0.015927
-0.105883 0.880140 0.612324 1.554567 0.002084 0.007233
-0.062592 0.880026 0.609126 1.550710 -0.001902 -0.049892
0.000000 0.000000 0.000000 0.000000 -0.000000 0.000000
-0.114762 0.882582 0.642517 1.594020 0.002923 0.018551
-0.105684 0.883057 0.622100 1.567743 -0.001468 0.006464
-0.107791 0.882539 0.622718 1.568247 0.002967 0.009318
-0.087281 0.882909 0.623179 1.569005 0.000948 -0.017191
-0.089902 0.882424 0.623227 1.568895 0.005263 -0.013745
-0.114177 0.878818 0.624940 1.571275 0.002240 0.017807
-0.115575 0.880705 0.627933 1.575114 0.000822 0.019659
-0.096291 0.879884 0.631908 1.580580 0.001033 -0.005216
-0.102765 0.880453 0.647618 1.600796 -0.000247 0.003035
-0.134596 0.881633 0.659732 1.616527 0.005105 0.044979
-0.124557 0.880679 0.641530 1.593176 0.002709 0.031398
-0.092541 0.880584 0.635772 1.585227 0.003450 -0.010134
-0.095129 0.882284 0.639173 1.589883 -0.000315 -0.006920
-0.132880 0.881821 0.649499 1.603563 0.002166 0.042499
-0.094433 0.879237 0.619369 1.564185 -0.001071 -0.007692
-0.088120 0.881547 0.602285 1.542401 -0.001249 -0.015864
-0.117313 0.881625 0.616484 1.560672 0.002632 0.022339
-0.117375 0.881621 0.616553 1.560671 0.002396 0.022381
-0.117408 0.881626 0.616560 1.560645 0.002292 0.022426
-0.117427 0.881634 0.616548 1.560611 0.002222 0.022466
-0.117441 0.881642 0.616529 1.560572 0.002169 0.022504
-0.117452 0.881650 0.616505 1.560532 0.002122 0.022541
-0.117461 0.881659 0.616481 1.560491 0.002075 0.022578
-0.117470 0.881668 0.616456 1.560449 0.002030 0.022614
-0.117479 0.881676 0.616431 1.560407 0.001986 0.022650
-0.090199 0.881541 0.633050 1.582032 0.002340 -0.013082
-0.090201 0.881549 0.633025 1.581991 0.002294 -0.013055
