x y z alpha beta gamma
-0.103445 0.881716 0.622181 1.569023 0.002752 0.005789
-0.103448 0.881717 0.622181 1.569023 0.002752 0.005792
-0.103451 0.881718 0.622181 1.569024 0.002752 0.005796
-0.103455 0.881719 0.622181 1.569024 0.002752 0.005799
-0.103458 0.881720 0.622181 1.569024 0.002752 0.005803
-0.103461 0.881721 0.622182 1.569025 0.002752 0.005806
-0.103464 0.881722 0.622182 1.569025 0.002751 0.005810
-0.103467 0.881723 0.622182 1.569025 0.002751 0.005813
-0.103471 0.881724 0.622182 1.569025 0.002751 0.005817
-0.103474 0.881725 0.622182 1.569025 0.002751 0.005820
-0.103477 0.881726 0.622183 1.569026 0.002751 0.005824
-0.103480 0.881727 0.622183 1.569026 0.002752 0.005827
-0.103483 0.881728 0.622183 1.569026 0.002751 0.005830
-0.103486 0.881729 0.622183 1.569026 0.002751 0.005834
-0.103489 0.881730 0.622183 1.569026 0.002751 0.005837
-0.103493 0.881731 0.622184 1.569027 0.002751 0.005841
-0.103496 0.881732 0.622184 1.569027 0.002751 0.005844
-0.103499 0.881733 0.622184 1.569027 0.002751 0.005848
-0.103502 0.881733 0.622184 1.569027 0.002751 0.005851
-0.103505 0.881734 0.622185 1.569028 0.002751 0.005855
-0.103543 0.881741 0.622203 1.569038 0.002719 0.005886
-0.103600 0.881753 0.622222 1.569054 0.002704 0.005945
-0.103677 0.881775 0.622233 1.569054 0.002670 0.006019
-0.103761 0.881800 0.622242 1.569059 0.002655 0.006107
-0.103829 0.881821 0.622245 1.569060 0.002649 0.006180
-0.103868 0.881832 0.622247 1.569063 0.002648 0.006222
-0.103888 0.881838 0.622251 1.569066 0.002646 0.006244
-0.103901 0.881842 0.622253 1.569067 0.002643 0.006258
-0.103911 0.881844 0.622254 1.569068 0.002642 0.006268
-0.103919 0.881847 0.622255 1.569069 0.002642 0.006277
-0.103932 0.881851 0.622256 1.569070 0.002642 0.006291
-0.103937 0.881852 0.622256 1.569070 0.002642 0.006297
-0.103942 0.881854 0.622257 1.569071 0.002641 0.006302
-0.103947 0.881855 0.622257 1.569071 0.002641 0.006307
-0.103952 0.881857 0.622257 1.569072 0.002641 0.006312
-0.103956 0.881858 0.622258 1.569072 0.002641 0.006317
-0.103960 0.881859 0.622258 1.569072 0.002641 0.006322
-0.103964 0.881860 0.622258 1.569072 0.002641 0.006326
-0.103969 0.881862 0.622259 1.569073 0.002641 0.006331
-0.103973 0.881863 0.622259 1.569073 0.002640 0.006336
-0.103977 0.881864 0.622259 1.569073 0.002640 0.006340
-0.103981 0.881866 0.622259 1.569074 0.002640 0.006345
-0.103986 0.881867 0.622260 1.569074 0.002640 0.006350
-0.103990 0.881868 0.622260 1.569074 0.002640 0.006354
-0.103994 0.881869 0.622261 1.569075 0.002640 0.006359
-0.094388 0.880919 0.631358 1.579336 -0.001312 -0.005097
-0.107394 0.889507 0.630593 1.579362 0.000499 0.012920
-0.107516 0.888052 0.625092 1.571878 -0.000892 0.012628
-0.101655 0.884148 0.621949 1.568511 0.001960 0.004567
-0.093246 0.878500 0.624232 1.570793 0.000559 -0.007595
-0.100078 0.879267 0.618445 1.563153 0.000104 0.001041
-0.099716 0.879107 0.618575 1.563242 -0.000055 0.000592
-0.099802 0.879181 0.618435 1.563094 -0.000034 0.000687
-0.099736 0.879167 0.618410 1.563084 0.000017 0.000630
-0.090775 0.877837 0.630028 1.578250 0.000328 -0.010824
-0.090639 0.877782 0.630045 1.578280 0.000358 -0.010962
-0.090540 0.877660 0.630305 1.578693 0.000705 -0.010954
-0.090491 0.877645 0.630276 1.578616 0.000577 -0.011041
-0.099517 0.879112 0.618334 1.563085 0.000262 0.000468
-0.099605 0.879143 0.618340 1.563049 0.000137 0.000522
-0.099554 0.879108 0.618398 1.563074 0.000022 0.000430
-0.099472 0.879076 0.618416 1.563069 -0.000052 0.000316
-0.099428 0.879054 0.618440 1.563084 -0.000088 0.000256
-0.099437 0.879058 0.618437 1.563074 -0.000107 0.000259
-0.099454 0.879063 0.618440 1.563076 -0.000112 0.000276
-0.099472 0.879068 0.618442 1.563076 -0.000117 0.000294
-0.099492 0.879074 0.618444 1.563078 -0.000120 0.000317
-0.099514 0.879081 0.618447 1.563081 -0.000121 0.000341
-0.099535 0.879087 0.618449 1.563083 -0.000120 0.000364
-0.099555 0.879093 0.618450 1.563084 -0.000119 0.000386
-0.099572 0.879099 0.618450 1.563085 -0.000117 0.000405
-0.099585 0.879103 0.618450 1.563086 -0.000117 0.000420
-0.099595 0.879106 0.618451 1.563087 -0.000116 0.000431
-0.099602 0.879108 0.618452 1.563088 -0.000116 0.000439
-0.089972 0.877255 0.622283 1.567723 -0.002041 -0.011463
-0.095546 0.880061 0.622568 1.567798 -0.002088 -0.003966
-0.100243 0.883440 0.613573 1.557776 0.001466 0.003084
-0.104921 0.883750 0.635120 1.584285 -0.001291 0.008016
-0.104415 0.882165 0.618384 1.564610 0.004616 0.006886
-0.097912 0.881031 0.627251 1.573824 -0.003279 -0.001036
-0.098123 0.881092 0.628564 1.575014 -0.003714 -0.000614
-0.096726 0.878573 0.612784 1.556664 0.002088 -0.003032
-0.101912 0.883853 0.620708 1.566026 -0.001278 0.005103
-0.102232 0.883766 0.622043 1.567281 -0.001838 0.005516
-0.097605 0.878169 0.616269 1.560853 0.000345 -0.001915
-0.098043 0.877952 0.617630 1.562176 -0.000290 -0.001457
-0.098515 0.877680 0.618986 1.563499 -0.000973 -0.001002
-0.092878 0.876466 0.626548 1.573139 -0.000844 -0.007974
-0.105544 0.886719 0.623804 1.570633 -0.000537 0.010537
-0.106126 0.886291 0.625072 1.571874 -0.001324 0.010997
-0.106778 0.885824 0.626317 1.573096 -0.002158 0.011496
-0.101091 0.884088 0.615042 1.558995 -0.000899 0.004731
-0.096114 0.882851 0.622985 1.569125 -0.000976 -0.001511
-0.092056 0.876165 0.618761 1.563770 0.000726 -0.008945
-0.092987 0.875454 0.620156 1.565237 -0.000279 -0.008305
-0.099231 0.880238 0.625006 1.573209 0.004411 0.000556
-0.100395 0.884413 0.628750 1.576327 -0.000639 0.003849
-0.101544 0.883550 0.630050 1.577817 -0.001429 0.004723
-0.104719 0.884670 0.621792 1.568564 0.001721 0.008654
-0.095488 0.881713 0.626380 1.573620 0.000163 -0.002644
-0.098733 0.882624 0.618336 1.564628 0.002960 0.001101
-0.098889 0.880539 0.616185 1.561895 0.002327 0.000707
-0.100525 0.880383 0.621595 1.567312 0.000426 0.002638
-0.105018 0.886991 0.633471 1.581825 -0.002227 0.010162
-0.099812 0.884180 0.623449 1.569918 -0.000939 0.003435
-0.100738 0.882896 0.624676 1.570641 -0.001515 0.003874
-0.100983 0.885874 0.621708 1.568217 0.000404 0.005215
-0.110290 0.890275 0.627556 1.575512 0.000224 0.017002
-0.100558 0.885668 0.622808 1.568944 -0.001065 0.005243
-0.100669 0.885676 0.622892 1.568964 -0.001283 0.005297
-0.100769 0.885695 0.622937 1.568984 -0.001370 0.005380
-0.100832 0.885709 0.622955 1.568991 -0.001412 0.005436
-0.100858 0.885714 0.622965 1.568995 -0.001431 0.005458
-0.100870 0.885717 0.622969 1.568997 -0.001440 0.005469
-0.100878 0.885719 0.622970 1.568996 -0.001445 0.005476
-0.100884 0.885721 0.622970 1.568995 -0.001447 0.005482
-0.100890 0.885724 0.622969 1.568994 -0.001448 0.005489
-0.100896 0.885726 0.622968 1.568993 -0.001448 0.005495
-0.100902 0.885728 0.622967 1.568992 -0.001449 0.005501
-0.100908 0.885730 0.622966 1.568990 -0.001449 0.005507
-0.100913 0.885733 0.622965 1.568989 -0.001449 0.005513
-0.100919 0.885735 0.622964 1.568988 -0.001450 0.005519
-0.100924 0.885737 0.622963 1.568987 -0.001450 0.005525
-0.100930 0.885739 0.622962 1.568985 -0.001450 0.005532
-0.100936 0.885741 0.622961 1.568984 -0.001451 0.005538
-0.100941 0.885744 0.622960 1.568983 -0.001451 0.005544
-0.106111 0.885570 0.618626 1.564391 0.000911 0.011019
-0.109453 0.889722 0.620042 1.566671 0.001950 0.016327
-0.106425 0.886036 0.630274 1.578274 -0.000027 0.010885
-0.104447 0.888226 0.628242 1.576090 -0.000405 0.010008
-0.096323 0.879172 0.621074 1.565644 -0.002622 -0.002679
-0.093310 0.878192 0.626247 1.573966 0.001392 -0.006992
-0.102706 0.886808 0.623580 1.569520 -0.002353 0.007540
-0.095500 0.883026 0.630198 1.579195 0.001589 -0.002591
-0.097400 0.882001 0.626959 1.573724 -0.002406 -0.000781
-0.105540 0.886883 0.633062 1.581918 -0.001569 0.009966
-0.098803 0.881933 0.624442 1.571633 0.001467 0.000901
-0.107709 0.885984 0.633703 1.582481 -0.001208 0.012188
-0.098816 0.882288 0.623424 1.570284 0.000905 0.000493
-0.106925 0.881930 0.630234 1.577715 -0.001822 0.010065
-0.091352 0.877518 0.632937 1.580753 -0.003132 -0.009398
-0.099342 0.882836 0.623158 1.569586 -0.000255 0.001603
-0.101717 0.885506 0.638650 1.589550 0.000402 0.005050
-0.099750 0.882969 0.624006 1.569837 -0.002297 0.002334
-0.092625 0.877719 0.632164 1.581349 0.001174 -0.008254
-0.090514 0.874913 0.618319 1.562443 -0.001781 -0.011222
-0.092957 0.877795 0.633056 1.581622 -0.000958 -0.007650
-0.101184 0.883119 0.623369 1.570475 0.001666 0.003464
-0.101034 0.883178 0.623865 1.570612 0.000442 0.003843
-0.101537 0.883181 0.624373 1.570763 -0.000786 0.004004
-0.091743 0.875033 0.618417 1.563388 0.000601 -0.009895
-0.094410 0.877909 0.633293 1.582550 0.000940 -0.006180
-0.092273 0.875111 0.619593 1.563753 -0.002219 -0.009261
-0.102325 0.883231 0.624010 1.571456 0.002378 0.005081
-0.099277 0.879776 0.610175 1.552581 -0.000543 0.000909
-0.102265 0.883170 0.624974 1.571767 0.000128 0.005231
-0.096019 0.882074 0.631762 1.580299 -0.000172 -0.002704
-0.092718 0.874947 0.619531 1.564653 0.000495 -0.008720
-0.086835 0.873955 0.626254 1.573170 0.000245 -0.016217
-0.095407 0.877717 0.634571 1.583742 0.000112 -0.005206
-0.093691 0.878846 0.616984 1.562185 0.001860 -0.006137
-0.102693 0.882846 0.625203 1.572628 0.001776 0.005405
-0.092466 0.883898 0.635253 1.584259 -0.003097 -0.005802
-0.107746 0.888386 0.632768 1.580898 -0.003387 0.013559
-0.091854 0.879093 0.632925 1.581853 -0.000950 -0.008532
-0.097926 0.880109 0.627209 1.573609 -0.003270 -0.000702
-0.087068 0.873595 0.627140 1.573973 -0.000534 -0.016117
-0.093090 0.874579 0.620727 1.565595 -0.000896 -0.008674
-0.097678 0.880044 0.627177 1.573579 -0.003251 -0.000977
-0.097610 0.879970 0.627324 1.573725 -0.003301 -0.001062
-0.097800 0.880073 0.627199 1.573598 -0.003271 -0.000846
-0.097862 0.880104 0.627166 1.573596 -0.003166 -0.000743
-0.097838 0.880091 0.627180 1.573618 -0.003150 -0.000762
-0.097784 0.880078 0.627166 1.573607 -0.003135 -0.000818
-0.097735 0.880065 0.627155 1.573604 -0.003104 -0.000862
-0.097742 0.880068 0.627152 1.573610 -0.003078 -0.000846
-0.097760 0.880082 0.627129 1.573596 -0.003045 -0.000816
-0.097789 0.880096 0.627117 1.573593 -0.003013 -0.000773
-0.097825 0.880111 0.627106 1.573591 -0.002983 -0.000723
-0.097854 0.880125 0.627093 1.573587 -0.002951 -0.000680
-0.097870 0.880135 0.627078 1.573582 -0.002918 -0.000652
-0.097876 0.880141 0.627065 1.573578 -0.002887 -0.000635
-0.097876 0.880146 0.627052 1.573574 -0.002857 -0.000625
-0.097875 0.880149 0.627039 1.573569 -0.002827 -0.000617
-0.097872 0.880153 0.627026 1.573565 -0.002796 -0.000610
-0.097869 0.880156 0.627013 1.573560 -0.002766 -0.000604
-0.097865 0.880159 0.626999 1.573556 -0.002735 -0.000598
-0.091906 0.879526 0.637943 1.587645 -0.002605 -0.008192
-0.091902 0.879530 0.637929 1.587640 -0.002575 -0.008186
-0.091898 0.879533 0.637916 1.587636 -0.002544 -0.008180
-0.091893 0.879536 0.637902 1.587631 -0.002513 -0.008175
-0.091889 0.879539 0.637889 1.587626 -0.002483 -0.008169
-0.091885 0.879542 0.637875 1.587621 -0.002452 -0.008163
-0.091880 0.879545 0.637862 1.587617 -0.002421 -0.008158
-0.091876 0.879548 0.637848 1.587612 -0.002390 -0.008152
-0.091872 0.879551 0.637834 1.587607 -0.002360 -0.008147
-0.095544 0.881971 0.621511 1.567685 -0.000439 -0.002922
-0.092519 0.878250 0.631873 1.578970 -0.004989 -0.007731
-0.100471 0.882815 0.622978 1.569269 -0.001404 0.003203
-0.103597 0.884291 0.614861 1.559813 0.001615 0.007326
-0.099314 0.883239 0.622710 1.569837 0.001452 0.001824
-0.095710 0.881559 0.620774 1.566167 -0.000779 -0.002641
-0.096698 0.880825 0.622113 1.567822 -0.001049 -0.001717
-0.099487 0.881905 0.614004 1.558744 0.002398 0.001966
-0.095592 0.880695 0.621461 1.568404 0.002162 -0.003190
-0.091403 0.880553 0.635225 1.582317 -0.006888 -0.007746
-0.103273 0.886129 0.633546 1.581699 -0.003099 0.007715
-0.106342 0.886617 0.628236 1.575953 -0.000269 0.011610
-0.090415 0.874759 0.622280 1.568006 -0.000784 -0.011071
-0.098218 0.877855 0.625033 1.571978 0.000603 -0.001395
-0.090249 0.874441 0.623048 1.568693 -0.001286 -0.011393
-0.090425 0.874530 0.622960 1.568595 -0.001291 -0.011201
-0.090469 0.874544 0.622964 1.568617 -0.001238 -0.011134
-0.090444 0.874534 0.622966 1.568622 -0.001231 -0.011158
-0.090403 0.874526 0.622950 1.568613 -0.001203 -0.011194
-0.090365 0.874517 0.622935 1.568608 -0.001167 -0.011225
-0.090356 0.874518 0.622923 1.568607 -0.001132 -0.011224
-0.098464 0.877917 0.625080 1.571994 0.000494 -0.001154
-0.098472 0.877925 0.625062 1.571988 0.000533 -0.001132
-0.098480 0.877934 0.625045 1.571981 0.000570 -0.001111
-0.098488 0.877942 0.625028 1.571975 0.000608 -0.001090
-0.098497 0.877950 0.625011 1.571969 0.000646 -0.001068
-0.098506 0.877958 0.624995 1.571963 0.000683 -0.001046
-0.098515 0.877967 0.624978 1.571958 0.000721 -0.001024
-0.098524 0.877975 0.624962 1.571952 0.000758 -0.001002
-0.098536 0.877984 0.624946 1.571947 0.000796 -0.000977
-0.098546 0.877993 0.624929 1.571940 0.000835 -0.000953
-0.098138 0.879557 0.618525 1.565068 0.004098 -0.000733
-0.110616 0.890401 0.629503 1.577164 -0.002404 0.017758
-0.098599 0.884160 0.625265 1.571996 -0.001209 0.001476
-0.097214 0.879373 0.626355 1.572753 -0.002457 -0.001611
-0.100299 0.883460 0.629610 1.577390 -0.000983 0.003162
-0.095290 0.878172 0.618992 1.563964 -0.000069 -0.004682
0.000000 0.000000 0.000000 0.000000 -0.000000 0.000000
-0.095153 0.882710 0.621500 1.568187 0.002276 -0.003211
-0.094595 0.881107 0.623478 1.569631 -0.001500 -0.004326
0.000000 0.000000 0.000000 0.000000 -0.000000 0.000000
-0.097685 0.883132 0.620931 1.567005 0.000748 0.000111
-0.095755 0.880378 0.632420 1.581949 0.001396 -0.003792
-0.104345 0.885430 0.621423 1.567076 -0.001440 0.008463
-0.098734 0.881037 0.628370 1.575433 -0.002004 0.000293
-0.099222 0.882078 0.628964 1.576037 -0.002392 0.001291
-0.094497 0.881042 0.623989 1.571875 0.003379 -0.004830
0.000000 0.000000 0.000000 0.000000 -0.000000 0.000000
-0.101156 0.883342 0.621451 1.567357 0.000830 0.003875
0.000000 0.000000 0.000000 0.000000 -0.000000 0.000000
0.000000 0.000000 0.000000 0.000000 -0.000000 0.000000
0.000000 0.000000 0.000000 0.000000 -0.000000 0.000000
-0.094064 0.879282 0.631605 1.579491 -0.002246 -0.006087
-0.095893 0.879684 0.622368 1.569251 0.001890 -0.003361
0.000000 0.000000 0.000000 0.000000 -0.000000 0.000000
0.000000 0.000000 0.000000 0.000000 -0.000000 0.000000
0.000000 0.000000 0.000000 0.000000 -0.000000 0.000000
0.000000 0.000000 0.000000 0.000000 -0.000000 0.000000
0.000000 0.000000 0.000000 0.000000 -0.000000 0.000000
0.000000 0.000000 0.000000 0.000000 -0.000000 0.000000
0.000000 0.000000 0.000000 0.000000 -0.000000 0.000000
0.000000 0.000000 0.000000 0.000000 -0.000000 0.000000
0.000000 0.000000 0.000000 0.000000 -0.000000 0.000000
0.000000 0.000000 0.000000 0.000000 -0.000000 0.000000
0.000000 0.000000 0.000000 0.000000 -0.000000 0.000000
0.000000 0.000000 0.000000 0.000000 -0.000000 0.000000
0.000000 0.000000 0.000000 0.000000 -0.000000 0.000000
-0.099811 0.881059 0.626572 1.573314 -0.000673 0.001967
0.000000 0.000000 0.000000 0.000000 -0.000000 0.000000
0.000000 0.000000 0.000000 0.000000 -0.000000 0.000000
-0.113048 0.776967 0.666178 1.618100 -0.011593 -0.034176
0.000000 0.000000 0.000000 0.000000 -0.000000 0.000000
0.000000 0.000000 0.000000 0.000000 -0.000000 0.000000
0.000000 0.000000 0.000000 0.000000 -0.000000 0.000000
0.000000 0.000000 0.000000 0.000000 -0.000000 0.000000
-0.094477 0.883292 0.623832 1.570708 0.000510 -0.003072
-0.095313 0.883917 0.626556 1.575211 0.003475 -0.002042
0.000000 0.000000 0.000000 0.000000 -0.000000 0.000000
0.000000 0.000000 0.000000 0.000000 -0.000000 0.000000
0.000000 0.000000 0.000000 0.000000 -0.000000 0.000000
0.000000 0.000000 0.000000 0.000000 -0.000000 0.000000
0.000000 0.000000 0.000000 0.000000 -0.000000 0.000000
-0.093459 0.880053 0.624034 1.571847 0.002529 -0.005611
0.000000 0.000000 0.000000 0.000000 -0.000000 0.000000
0.000000 0.000000 0.000000 0.000000 -0.000000 0.000000
-0.095283 0.879789 0.626231 1.574036 0.001919 -0.003900
0.000000 0.000000 0.000000 0.000000 -0.000000 0.000000
0.000000 0.000000 0.000000 0.000000 -0.000000 0.000000
0.000000 0.000000 0.000000 0.000000 -0.000000 0.000000
0.000000 0.000000 0.000000 0.000000 -0.000000 0.000000
0.000000 0.000000 0.000000 0.000000 -0.000000 0.000000
0.000000 0.000000 0.000000 0.000000 -0.000000 0.000000
0.000000 0.000000 0.000000 0.000000 -0.000000 0.000000
0.000000 0.000000 0.000000 0.000000 -0.000000 0.000000
0.000000 0.000000 0.000000 0.000000 -0.000000 0.000000
0.000000 0.000000 0.000000 0.000000 -0.000000 0.000000
-0.092782 0.875174 0.625425 1.573205 0.002350 -0.008832
-0.094477 0.879090 0.622306 1.568261 -0.000147 -0.004817
0.000000 0.000000 0.000000 0.000000 -0.000000 0.000000
-0.095850 0.878140 0.624930 1.572193 0.001514 -0.003910
-0.095150 0.878831 0.626718 1.574303 0.000376 -0.004169
0.000000 0.000000 0.000000 0.000000 -0.000000 0.000000
0.000000 0.000000 0.000000 0.000000 -0.000000 0.000000
0.000000 0.000000 0.000000 0.000000 -0.000000 0.000000
0.000000 0.000000 0.000000 0.000000 -0.000000 0.000000
0.000000 0.000000 0.000000 0.000000 -0.000000 0.000000
0.000000 0.000000 0.000000 0.000000 -0.000000 0.000000
-0.092260 0.876135 0.619962 1.565083 0.000407 -0.008391
-0.095644 0.878293 0.625335 1.572195 0.000541 -0.003969
0.000000 0.000000 0.000000 0.000000 -0.000000 0.000000
-0.096681 0.879506 0.624088 1.570047 -0.000970 -0.002071
0.000000 0.000000 0.000000 0.000000 -0.000000 0.000000
-0.098413 0.883548 0.623203 1.571338 0.003827 0.001386
0.000000 0.000000 0.000000 0.000000 -0.000000 0.000000
0.000000 0.000000 0.000000 0.000000 -0.000000 0.000000
0.000000 0.000000 0.000000 0.000000 -0.000000 0.000000
0.000000 0.000000 0.000000 0.000000 -0.000000 0.000000
0.000000 0.000000 0.000000 0.000000 -0.000000 0.000000
0.000000 0.000000 0.000000 0.000000 -0.000000 0.000000
0.000000 0.000000 0.000000 0.000000 -0.000000 0.000000
0.000000 0.000000 0.000000 0.000000 -0.000000 0.000000
0.000000 0.000000 0.000000 0.000000 -0.000000 0.000000
-0.130120 0.787930 0.659656 1.618132 0.014108 -0.009847
0.000000 0.000000 0.000000 0.000000 -0.000000 0.000000
0.000000 0.000000 0.000000 0.000000 -0.000000 0.000000
-0.134767 0.790259 0.660919 1.618787 0.011662 -0.003026
0.000000 0.000000 0.000000 0.000000 -0.000000 0.000000
0.000000 0.000000 0.000000 0.000000 -0.000000 0.000000
0.000000 0.000000 0.000000 0.000000 -0.000000 0.000000
0.000000 0.000000 0.000000 0.000000 -0.000000 0.000000
0.000000 0.000000 0.000000 0.000000 -0.000000 0.000000
0.000000 0.000000 0.000000 0.000000 -0.000000 0.000000
0.000000 0.000000 0.000000 0.000000 -0.000000 0.000000
0.000000 0.000000 0.000000 0.000000 -0.000000 0.000000
0.000000 0.000000 0.000000 0.000000 -0.000000 0.000000
-0.097600 0.880865 0.621661 1.567124 -0.001537 -0.000521
-0.096289 0.879809 0.620493 1.566033 -0.000062 -0.002327
-0.127575 0.784992 0.668674 1.627182 0.005324 -0.012114
-0.132740 0.789853 0.675294 1.636610 0.005830 -0.002893
-0.134934 0.790190 0.672018 1.631398 0.005108 0.000228
0.000000 0.000000 0.000000 0.000000 -0.000000 0.000000
0.000000 0.000000 0.000000 0.000000 -0.000000 0.000000
-0.095519 0.877067 0.624187 1.571330 0.002172 -0.005076
-0.099729 0.881829 0.627811 1.575863 0.000804 0.001638
-0.100254 0.885693 0.628352 1.575334 -0.002237 0.004162
-0.094145 0.881352 0.640074 1.589872 -0.003428 -0.004626
-0.101628 0.885930 0.629572 1.578349 0.000865 0.005556
-0.104427 0.885738 0.627636 1.576011 0.001700 0.008453
-0.098013 0.882931 0.628982 1.577400 0.001418 0.000391
-0.101620 0.883256 0.622734 1.569027 0.000281 0.004820
-0.101044 0.882546 0.618703 1.564335 0.001421 0.003684
-0.100476 0.882355 0.618707 1.564410 0.001632 0.003132
-0.100104 0.882222 0.618741 1.564445 0.001630 0.002723
-0.099926 0.882189 0.618662 1.564388 0.001716 0.002551
-0.094811 0.881855 0.628173 1.576803 0.002288 -0.003829
-0.100283 0.882724 0.622175 1.568768 0.001341 0.002737
-0.100168 0.882697 0.622140 1.568758 0.001427 0.002637
-0.100113 0.882687 0.622116 1.568760 0.001510 0.002604
-0.100081 0.882692 0.622068 1.568737 0.001599 0.002597
-0.096973 0.880729 0.623959 1.570441 -0.000150 -0.001666
-0.093440 0.879548 0.626376 1.572758 -0.002313 -0.005674
-0.101374 0.882609 0.625563 1.571912 -0.001531 0.004039
-0.099401 0.883472 0.627728 1.576137 0.002387 0.002059
-0.099442 0.882175 0.629136 1.577714 0.001375 0.001692
-0.098924 0.885063 0.629288 1.576608 -0.002836 0.002409
-0.096292 0.879768 0.617268 1.562914 0.002479 -0.002516
-0.093271 0.876309 0.619956 1.565549 0.001347 -0.007134
-0.095482 0.882303 0.633889 1.582861 -0.000963 -0.002371
-0.100641 0.887687 0.620017 1.564903 -0.002498 0.005879
-0.091252 0.878702 0.622725 1.569076 -0.000078 -0.008162
-0.107131 0.887063 0.625504 1.571276 -0.003024 0.012665
-0.096003 0.879927 0.628547 1.577696 0.003717 -0.003000
-0.102517 0.886054 0.633725 1.583450 0.000439 0.006934
-0.144604 0.796404 0.680425 1.640636 -0.000542 0.011376
-0.089112 0.876621 0.622345 1.568349 -0.000658 -0.011298
-0.157484 0.803145 0.676020 1.632140 -0.005246 0.029266
0.000000 0.000000 0.000000 0.000000 -0.000000 0.000000
0.000000 0.000000 0.000000 0.000000 -0.000000 0.000000
0.000000 0.000000 0.000000 0.000000 -0.000000 0.000000
-0.092641 0.875657 0.621097 1.565650 -0.001809 -0.007826
-0.105576 0.887343 0.626601 1.574609 0.000879 0.011168
-0.099343 0.881896 0.627034 1.573544 -0.002159 0.002280
-0.165947 0.810201 0.674771 1.624879 -0.018391 0.039229
-0.173167 0.813999 0.671736 1.622753 -0.012460 0.049351
-0.099430 0.883506 0.627509 1.575212 0.000381 0.002902
-0.166346 0.808741 0.675031 1.627474 -0.013190 0.037817
-0.093236 0.876203 0.628000 1.575640 0.000471 -0.007153
0.000000 0.000000 0.000000 0.000000 -0.000000 0.000000
0.000000 0.000000 0.000000 0.000000 -0.000000 0.000000
-0.101338 0.884725 0.626150 1.572970 -0.000351 0.005838
-0.093879 0.879422 0.625016 1.572553 0.001707 -0.004316
-0.101685 0.885443 0.628618 1.575525 -0.002037 0.006347
-0.100034 0.888745 0.629127 1.576688 -0.001263 0.006343
0.000000 0.000000 0.000000 0.000000 -0.000000 0.000000
0.000000 0.000000 0.000000 0.000000 -0.000000 0.000000
0.000000 0.000000 0.000000 0.000000 -0.000000 0.000000
0.000000 0.000000 0.000000 0.000000 -0.000000 0.000000
0.000000 0.000000 0.000000 0.000000 -0.000000 0.000000
0.000000 0.000000 0.000000 0.000000 -0.000000 0.000000
0.000000 0.000000 0.000000 0.000000 -0.000000 0.000000
0.000000 0.000000 0.000000 0.000000 -0.000000 0.000000
0.000000 0.000000 0.000000 0.000000 -0.000000 0.000000
0.000000 0.000000 0.000000 0.000000 -0.000000 0.000000
0.000000 0.000000 0.000000 0.000000 -0.000000 0.000000
0.000000 0.000000 0.000000 0.000000 -0.000000 0.000000
0.000000 0.000000 0.000000 0.000000 -0.000000 0.000000
0.000000 0.000000 0.000000 0.000000 -0.000000 0.000000
0.000000 0.000000 0.000000 0.000000 -0.000000 0.000000
0.000000 0.000000 0.000000 0.000000 -0.000000 0.000000
0.000000 0.000000 0.000000 0.000000 -0.000000 0.000000
0.000000 0.000000 0.000000 0.000000 -0.000000 0.000000
0.000000 0.000000 0.000000 0.000000 -0.000000 0.000000
0.000000 0.000000 0.000000 0.000000 -0.000000 0.000000
0.000000 0.000000 0.000000 0.000000 -0.000000 0.000000
0.000000 0.000000 0.000000 0.000000 -0.000000 0.000000
0.000000 0.000000 0.000000 0.000000 -0.000000 0.000000
0.000000 0.000000 0.000000 0.000000 -0.000000 0.000000
0.000000 0.000000 0.000000 0.000000 -0.000000 0.000000
0.000000 0.000000 0.000000 0.000000 -0.000000 0.000000
0.000000 0.000000 0.000000 0.000000 -0.000000 0.000000
0.000000 0.000000 0.000000 0.000000 -0.000000 0.000000
0.000000 0.000000 0.000000 0.000000 -0.000000 0.000000
0.000000 0.000000 0.000000 0.000000 -0.000000 0.000000
0.000000 0.000000 0.000000 0.000000 -0.000000 0.000000
0.000000 0.000000 0.000000 0.000000 -0.000000 0.000000
0.000000 0.000000 0.000000 0.000000 -0.000000 0.000000
0.000000 0.000000 0.000000 0.000000 -0.000000 0.000000
0.000000 0.000000 0.000000 0.000000 -0.000000 0.000000
0.000000 0.000000 0.000000 0.000000 -0.000000 0.000000
0.000000 0.000000 0.000000 0.000000 -0.000000 0.000000
0.000000 0.000000 0.000000 0.000000 -0.000000 0.000000
0.000000 0.000000 0.000000 0.000000 -0.000000 0.000000
0.000000 0.000000 0.000000 0.000000 -0.000000 0.000000
0.000000 0.000000 0.000000 0.000000 -0.000000 0.000000
0.000000 0.000000 0.000000 0.000000 -0.000000 0.000000
0.000000 0.000000 0.000000 0.000000 -0.000000 0.000000
0.000000 0.000000 0.000000 0.000000 -0.000000 0.000000
0.000000 0.000000 0.000000 0.000000 -0.000000 0.000000
0.000000 0.000000 0.000000 0.000000 -0.000000 0.000000
0.000000 0.000000 0.000000 0.000000 -0.000000 0.000000
0.000000 0.000000 0.000000 0.000000 -0.000000 0.000000
0.000000 0.000000 0.000000 0.000000 -0.000000 0.000000
0.000000 0.000000 0.000000 0.000000 -0.000000 0.000000
0.000000 0.000000 0.000000 0.000000 -0.000000 0.000000
0.000000 0.000000 0.000000 0.000000 -0.000000 0.000000
0.000000 0.000000 0.000000 0.000000 -0.000000 0.000000
0.000000 0.000000 0.000000 0.000000 -0.000000 0.000000
-0.104225 0.888311 0.623705 1.570024 -0.000802 0.010331
-0.101327 0.888057 0.621526 1.568037 0.000733 0.007615
-0.102378 0.883878 0.627801 1.575242 0.000064 0.006272
-0.092713 0.879924 0.624486 1.571542 0.000666 -0.005717
-0.087998 0.871086 0.620641 1.565623 -0.001130 -0.014460
-0.101451 0.884113 0.622318 1.568764 0.000018 0.005435
0.000000 0.000000 0.000000 0.000000 -0.000000 0.000000
-0.097606 0.882140 0.628438 1.576036 -0.001012 0.000154
0.000000 0.000000 0.000000 0.000000 -0.000000 0.000000
-0.096871 0.882167 0.623480 1.571464 0.003370 -0.000808
-0.094325 0.880252 0.632483 1.581593 0.000829 -0.004219
-0.095235 0.877450 0.631730 1.579448 -0.001813 -0.004733
-0.092741 0.880689 0.630058 1.577077 -0.002425 -0.005734
-0.089106 0.876594 0.635635 1.583709 -0.003844 -0.011690
0.000000 0.000000 0.000000 0.000000 -0.000000 0.000000
-0.092498 0.879570 0.622178 1.567314 -0.001948 -0.006422
-0.091679 0.877831 0.621550 1.567786 0.000520 -0.008687
-0.092716 0.879438 0.632425 1.580374 -0.002724 -0.006889
-0.099416 0.879282 0.620417 1.566217 0.000272 0.000536
-0.092955 0.881178 0.629373 1.577276 0.000147 -0.005977
-0.099178 0.882457 0.633978 1.582069 -0.003578 0.001574
-0.109657 0.888039 0.609738 1.553043 0.000685 0.015824
-0.099806 0.882299 0.626596 1.574488 0.000621 0.001933
-0.105107 0.883258 0.619532 1.565495 0.001033 0.008700
-0.092629 0.882361 0.638669 1.587526 -0.005182 -0.006097
-0.098841 0.883209 0.627222 1.572880 -0.005413 0.001677
-0.098246 0.878933 0.629050 1.576116 -0.002556 -0.000893
-0.099078 0.882806 0.625328 1.573165 0.001306 0.001333
-0.099161 0.883373 0.630447 1.579006 -0.000530 0.001746
-0.098901 0.882735 0.626215 1.573443 -0.000790 0.001401
-0.099126 0.882662 0.626672 1.573594 -0.001849 0.001307
-0.099187 0.883217 0.631762 1.579388 -0.003712 0.001668
-0.098839 0.882538 0.627609 1.573912 -0.003979 0.001240
-0.108031 0.886500 0.635846 1.584286 -0.004229 0.012897
-0.092844 0.881865 0.639497 1.588275 -0.006000 -0.006092
-0.105020 0.882867 0.619720 1.565619 0.000437 0.008403
-0.099141 0.882032 0.626731 1.574506 0.000250 0.001087
-0.099304 0.882622 0.631806 1.580266 -0.001646 0.001579
-0.098890 0.882117 0.627076 1.574260 -0.001594 0.001140
-0.099405 0.882717 0.631657 1.580044 -0.001807 0.001621
-0.099071 0.882549 0.631808 1.580295 -0.001567 0.001345
-0.099102 0.882541 0.631854 1.580340 -0.001585 0.001376
-0.099204 0.882590 0.631809 1.580307 -0.001537 0.001503
-0.099268 0.882614 0.631799 1.580309 -0.001499 0.001588
-0.099292 0.882623 0.631795 1.580310 -0.001480 0.001620
-0.099303 0.882629 0.631786 1.580307 -0.001460 0.001639
-0.099309 0.882635 0.631777 1.580304 -0.001438 0.001653
-0.099312 0.882639 0.631767 1.580301 -0.001415 0.001663
-0.099312 0.882642 0.631757 1.580297 -0.001393 0.001671
-0.099312 0.882645 0.631747 1.580294 -0.001370 0.001679
-0.099311 0.882648 0.631737 1.580290 -0.001348 0.001685
-0.090530 0.878503 0.624286 1.570446 -0.002245 -0.009925
-0.090529 0.878506 0.624276 1.570442 -0.002222 -0.009919
-0.090528 0.878509 0.624266 1.570439 -0.002200 -0.009913
-0.090526 0.878511 0.624256 1.570435 -0.002178 -0.009907
-0.090525 0.878514 0.624246 1.570431 -0.002155 -0.009901
-0.090524 0.878517 0.624236 1.570427 -0.002133 -0.009896
-0.090523 0.878520 0.624225 1.570424 -0.002110 -0.009890
-0.090521 0.878523 0.624215 1.570420 -0.002088 -0.009884
-0.090520 0.878526 0.624205 1.570416 -0.002065 -0.009878
-0.090519 0.878529 0.624195 1.570412 -0.002042 -0.009872
-0.090518 0.878531 0.624185 1.570409 -0.002020 -0.009866
-0.090516 0.878534 0.624175 1.570405 -0.001997 -0.009860
-0.090514 0.878537 0.624164 1.570401 -0.001974 -0.009855
-0.090514 0.878540 0.624154 1.570398 -0.001951 -0.009849
-0.090512 0.878543 0.624144 1.570394 -0.001929 -0.009843
0.000000 0.000000 0.000000 0.000000 -0.000000 0.000000
-0.090509 0.878548 0.624124 1.570386 -0.001884 -0.009831
-0.090508 0.878551 0.624113 1.570382 -0.001861 -0.009825
-0.090506 0.878554 0.624103 1.570378 -0.001838 -0.009820
-0.090505 0.878557 0.624092 1.570375 -0.001815 -0.009814
-0.095050 0.880721 0.632288 1.581323 0.000445 -0.004337
-0.101239 0.883800 0.617450 1.561371 -0.003426 0.004686
-0.092970 0.878678 0.626050 1.572642 -0.002066 -0.006976
-0.090426 0.876356 0.633934 1.582629 -0.000919 -0.011357
-0.088361 0.873983 0.618024 1.562498 -0.000661 -0.014196
-0.110401 0.888730 0.622372 1.569463 0.003075 0.016379
-0.097848 0.882169 0.623686 1.569897 -0.001081 -0.000303
-0.107104 0.885705 0.626646 1.574737 0.001844 0.011644
-0.097989 0.882103 0.623181 1.570035 0.000970 -0.000418
-0.090299 0.876827 0.633127 1.581013 -0.003019 -0.011465
-0.096941 0.877645 0.621777 1.566418 -0.003023 -0.002964
-0.090448 0.876957 0.632917 1.580814 -0.002910 -0.011272
-0.090388 0.876943 0.632897 1.580801 -0.002879 -0.011328
-0.090331 0.876931 0.632877 1.580791 -0.002842 -0.011380
-0.090277 0.876918 0.632860 1.580785 -0.002805 -0.011427
-0.090235 0.876908 0.632849 1.580784 -0.002769 -0.011462
-0.090248 0.876917 0.632832 1.580777 -0.002738 -0.011438
-0.090273 0.876933 0.632813 1.580769 -0.002699 -0.011396
-0.090306 0.876948 0.632799 1.580765 -0.002663 -0.011348
-0.090340 0.876965 0.632784 1.580761 -0.002627 -0.011298
-0.090360 0.876977 0.632768 1.580755 -0.002589 -0.011264
-0.090366 0.876984 0.632753 1.580750 -0.002553 -0.011245
-0.090367 0.876989 0.632738 1.580745 -0.002518 -0.011232
-0.090365 0.876994 0.632723 1.580740 -0.002483 -0.011223
-0.090362 0.876998 0.632707 1.580735 -0.002447 -0.011215
-0.090358 0.877001 0.632692 1.580730 -0.002412 -0.011207
-0.090354 0.877005 0.632677 1.580724 -0.002377 -0.011199
-0.090350 0.877009 0.632661 1.580719 -0.002341 -0.011192
-0.090346 0.877013 0.632646 1.580714 -0.002306 -0.011184
-0.090343 0.877017 0.632630 1.580708 -0.002270 -0.011177
-0.090338 0.877020 0.632615 1.580703 -0.002235 -0.011169
-0.090335 0.877024 0.632600 1.580698 -0.002199 -0.011161
-0.090331 0.877028 0.632584 1.580692 -0.002163 -0.011154
-0.090327 0.877032 0.632569 1.580687 -0.002128 -0.011147
-0.090323 0.877036 0.632553 1.580682 -0.002092 -0.011139
-0.090319 0.877039 0.632537 1.580676 -0.002056 -0.011132
-0.090315 0.877043 0.632522 1.580671 -0.002021 -0.011124
-0.090311 0.877047 0.632506 1.580666 -0.001985 -0.011116
-0.090307 0.877051 0.632491 1.580660 -0.001949 -0.011109
-0.090303 0.877055 0.632475 1.580655 -0.001913 -0.011102
-0.090299 0.877059 0.632459 1.580649 -0.001877 -0.011094
-0.090295 0.877062 0.632444 1.580644 -0.001842 -0.011087
-0.090291 0.877066 0.632428 1.580639 -0.001806 -0.011079
-0.090287 0.877070 0.632413 1.580633 -0.001770 -0.011072
-0.090283 0.877074 0.632397 1.580628 -0.001734 -0.011064
-0.090279 0.877077 0.632381 1.580622 -0.001698 -0.011057
-0.090275 0.877081 0.632366 1.580617 -0.001662 -0.011050
-0.090271 0.877085 0.632350 1.580611 -0.001626 -0.011042
-0.090266 0.877089 0.632334 1.580606 -0.001589 -0.011035
-0.090262 0.877093 0.632318 1.580601 -0.001553 -0.011027
-0.090258 0.877097 0.632303 1.580595 -0.001517 -0.011020
-0.090254 0.877100 0.632287 1.580590 -0.001482 -0.011012
-0.097570 0.881094 0.616135 1.560544 0.000116 -0.000721
-0.113321 0.887630 0.623782 1.570705 0.000867 0.019438
-0.105697 0.884165 0.621989 1.567557 -0.001062 0.009836
-0.088036 0.876602 0.622440 1.568039 -0.002255 -0.013305
-0.097654 0.880320 0.630817 1.578835 -0.001929 -0.001030
-0.101513 0.882508 0.622647 1.569291 0.001086 0.004153
-0.111402 0.890159 0.629677 1.577166 -0.002187 0.018309
-0.101211 0.882806 0.631118 1.579539 0.000652 0.003823
-0.093845 0.878881 0.629450 1.576547 -0.001848 -0.005771
-0.094853 0.878200 0.630683 1.577860 -0.002765 -0.005009
0.000000 0.000000 0.000000 0.000000 -0.000000 0.000000
-0.093806 0.878063 0.630430 1.578711 -0.000006 -0.006445
-0.094771 0.882099 0.633983 1.581607 -0.004951 -0.003385
-0.098101 0.883456 0.626121 1.572759 -0.002148 0.000769
-0.089537 0.875365 0.628480 1.576369 0.000203 -0.012386
-0.104984 0.885478 0.618501 1.563799 -0.000096 0.009834
-0.097483 0.879894 0.614603 1.558397 -0.001758 -0.000743
-0.102374 0.882537 0.627978 1.575079 -0.001004 0.005508
-0.097562 0.879887 0.618076 1.563244 0.000204 -0.000774
-0.098879 0.881635 0.615733 1.561797 0.004260 0.001137
-0.095552 0.881879 0.629354 1.575388 -0.005039 -0.002190
-0.097901 0.879331 0.628266 1.576656 0.001795 -0.001020
-0.095223 0.880273 0.630031 1.576955 -0.002906 -0.002873
-0.101020 0.882257 0.621193 1.566985 0.000131 0.004048
-0.090562 0.876696 0.627760 1.574110 -0.001695 -0.009601
-0.099016 0.883838 0.629518 1.577688 -0.000104 0.002146
-0.094448 0.879853 0.619626 1.563892 -0.002901 -0.003835
-0.094394 0.879737 0.619916 1.564101 -0.003240 -0.003993
-0.104303 0.885728 0.615156 1.560163 0.001824 0.009285
-0.104330 0.885735 0.615159 1.560169 0.001831 0.009318
-0.104346 0.885745 0.615143 1.560166 0.001874 0.009349
-0.094501 0.879762 0.619941 1.564128 -0.003245 -0.003874
-0.094508 0.879773 0.619913 1.564119 -0.003181 -0.003846
-0.094514 0.879784 0.619884 1.564107 -0.003116 -0.003819
-0.094519 0.879796 0.619853 1.564096 -0.003050 -0.003792
-0.094524 0.879807 0.619823 1.564085 -0.002983 -0.003765
-0.094528 0.879818 0.619792 1.564073 -0.002916 -0.003739
-0.094525 0.879827 0.619761 1.564061 -0.002849 -0.003721
