x y z alpha beta gamma
-0.192092 0.894985 0.626604 1.573400 -0.018350 0.130650
-0.192075 0.894990 0.626577 1.573399 -0.018271 0.130656
-0.192057 0.894995 0.626550 1.573398 -0.018193 0.130662
-0.180991 0.891073 0.618459 1.562776 -0.018268 0.116665
-0.191870 0.893898 0.619510 1.564916 -0.016294 0.129955
-0.191853 0.893903 0.619483 1.564914 -0.016215 0.129961
-0.207197 0.903039 0.632210 1.579892 -0.020780 0.149822
-0.192851 0.894919 0.626353 1.573330 -0.017791 0.130778
-0.192833 0.894923 0.626326 1.573328 -0.017712 0.130783
-0.192815 0.894928 0.626299 1.573327 -0.017633 0.130789
-0.192797 0.894932 0.626273 1.573326 -0.017555 0.130795
-0.207106 0.903062 0.632082 1.579894 -0.020386 0.149850
-0.207088 0.903066 0.632056 1.579894 -0.020307 0.149856
-0.207070 0.903071 0.632030 1.579894 -0.020228 0.149861
-0.207052 0.903075 0.632004 1.579895 -0.020149 0.149867
-0.207033 0.903080 0.631978 1.579895 -0.020069 0.149873
-0.207015 0.903084 0.631953 1.579895 -0.019990 0.149878
-0.206997 0.903089 0.631927 1.579896 -0.019911 0.149884
-0.206979 0.903094 0.631901 1.579896 -0.019832 0.149890
-0.206961 0.903098 0.631875 1.579896 -0.019753 0.149896
-0.200217 0.899234 0.634087 1.582635 -0.020506 0.140807
-0.185722 0.893620 0.626485 1.573147 -0.018559 0.122105
-0.201326 0.901661 0.633717 1.581401 -0.022181 0.142620
-0.195943 0.897148 0.625361 1.571991 -0.018091 0.134915
-0.204698 0.902092 0.632997 1.580950 -0.020719 0.146660
-0.193058 0.897767 0.620855 1.566249 -0.019059 0.132290
-0.220530 0.905039 0.620112 1.566949 -0.013212 0.166456
-0.194074 0.897527 0.620338 1.565877 -0.016631 0.133230
-0.201489 0.897402 0.611637 1.555104 -0.015334 0.142464
-0.193441 0.898492 0.629465 1.577721 -0.017449 0.132268
-0.206964 0.901221 0.632084 1.581745 -0.015582 0.148920
-0.194539 0.897718 0.619057 1.565079 -0.014831 0.133368
-0.194557 0.897743 0.618991 1.565065 -0.014671 0.133436
-0.194527 0.897744 0.618966 1.565075 -0.014567 0.133436
-0.194475 0.897743 0.618932 1.565068 -0.014481 0.133406
-0.194431 0.897743 0.618901 1.565067 -0.014389 0.133387
-0.194386 0.897743 0.618870 1.565065 -0.014297 0.133366
-0.194342 0.897743 0.618838 1.565064 -0.014204 0.133347
-0.201440 0.897199 0.611126 1.555071 -0.013833 0.141997
-0.207254 0.901434 0.631226 1.579508 -0.018231 0.149733
-0.200616 0.900628 0.639562 1.589283 -0.021913 0.140971
-0.195952 0.900885 0.618828 1.564521 -0.015915 0.135818
-0.202573 0.898614 0.627875 1.574477 -0.020338 0.143253
-0.190877 0.895408 0.623711 1.570054 -0.016721 0.128398
-0.210816 0.903034 0.635301 1.584585 -0.019338 0.153651
-0.198034 0.899967 0.618471 1.563573 -0.017107 0.138192
-0.197646 0.899929 0.618323 1.563544 -0.016734 0.137885
-0.205253 0.899139 0.611117 1.554364 -0.015914 0.147409
-0.205286 0.899192 0.610953 1.554097 -0.016115 0.147378
-0.205525 0.899312 0.610748 1.553801 -0.016276 0.147569
-0.197704 0.899993 0.618161 1.563414 -0.016589 0.137985
-0.197613 0.899967 0.618183 1.563409 -0.016665 0.137863
-0.197512 0.899944 0.618186 1.563397 -0.016708 0.137739
-0.216206 0.905057 0.635431 1.585256 -0.018882 0.160639
-0.200531 0.899788 0.623028 1.570199 -0.014470 0.140822
-0.196344 0.898412 0.638076 1.587778 -0.019555 0.135272
-0.195149 0.898741 0.637753 1.587706 -0.020117 0.134013
-0.194535 0.899184 0.638198 1.587595 -0.020764 0.133328
-0.197339 0.901419 0.623897 1.570994 -0.016278 0.137542
-0.201731 0.899465 0.620842 1.565633 -0.019495 0.143082
-0.194989 0.895482 0.600392 1.541594 -0.011721 0.134361
-0.211752 0.903230 0.633448 1.581669 -0.021482 0.155645
-0.194213 0.895553 0.625186 1.571528 -0.018620 0.132801
-0.017548 0.903262 0.681623 1.578852 -0.001427 -0.007126
-0.031362 0.912687 0.669695 1.564953 0.000535 0.011586
-0.024444 0.904657 0.663275 1.558334 0.003611 0.000927
-0.028586 0.909547 0.672081 1.567775 -0.000376 0.007589
-0.028908 0.909061 0.673430 1.569134 -0.000885 0.007831
-0.016371 0.903005 0.675601 1.571543 -0.001386 -0.008368
-0.016969 0.902431 0.677022 1.573019 -0.001972 -0.007919
-0.017623 0.901800 0.678439 1.574498 -0.002606 -0.007458
-0.023914 0.907672 0.670937 1.566900 0.000516 0.001803
-0.024621 0.906899 0.672294 1.568336 -0.000193 0.002208
-0.035176 0.918436 0.671959 1.567533 -0.000272 0.018242
-0.029602 0.915101 0.678842 1.576223 -0.000022 0.011225
-0.026469 0.908169 0.673177 1.570315 0.002529 0.004833
-0.030131 0.911162 0.666083 1.563160 0.006046 0.009997
-0.025092 0.908561 0.676520 1.571972 -0.002187 0.003534
-0.026300 0.908033 0.680538 1.576482 -0.003798 0.004836
-0.029959 0.910939 0.673337 1.569141 -0.000720 0.009790
-0.027927 0.909405 0.679702 1.576899 -0.000509 0.007113
-0.024168 0.908669 0.669257 1.565272 0.001659 0.003110
-0.029517 0.913888 0.677477 1.573010 -0.002564 0.010800
-0.021548 0.903584 0.678275 1.575650 0.000465 -0.001964
-0.023076 0.910380 0.669976 1.565969 0.001255 0.002727
-0.031221 0.914436 0.677273 1.573348 -0.001966 0.012631
-0.024179 0.910908 0.675099 1.569763 -0.003785 0.003991
-0.019060 0.908517 0.681244 1.577545 -0.003183 -0.002146
-0.019172 0.908523 0.681346 1.577569 -0.003394 -0.002104
-0.019253 0.908536 0.681400 1.577591 -0.003480 -0.002049
-0.015336 0.900348 0.678219 1.576118 0.001811 -0.010100
-0.027215 0.908818 0.669623 1.564411 -0.000367 0.006062
-0.025347 0.911487 0.667630 1.561708 -0.001579 0.005411
-0.022179 0.905023 0.672439 1.566871 -0.002664 -0.001016
-0.018801 0.902820 0.678986 1.576507 0.000374 -0.005426
-0.021773 0.905789 0.681809 1.580002 0.000315 -0.001142
-0.017461 0.903077 0.688444 1.586086 -0.004268 -0.006781
-0.036307 0.917200 0.676514 1.572770 -0.001176 0.018747
-0.027897 0.910539 0.667466 1.562981 0.001682 0.007259
-0.020702 0.904977 0.674607 1.569674 -0.002661 -0.002571
-0.020466 0.906112 0.685832 1.584115 -0.001660 -0.002592
-0.023164 0.908535 0.670197 1.565913 0.001537 0.001325
-0.016699 0.901769 0.676899 1.573989 0.000999 -0.008473
-0.017629 0.902448 0.676131 1.573217 0.001160 -0.007436
-0.024761 0.905201 0.667659 1.562346 0.000344 0.001359
-0.017821 0.902659 0.676743 1.573335 -0.000175 -0.006782
-0.018551 0.902760 0.677283 1.573500 -0.001201 -0.006376
-0.018687 0.902979 0.677788 1.573626 -0.002234 -0.005666
-0.026150 0.910216 0.669841 1.564988 0.000248 0.004979
-0.026381 0.905776 0.667075 1.563173 0.003830 0.003552
-0.019713 0.902788 0.663128 1.557263 0.001576 -0.005007
-0.020439 0.903391 0.676855 1.574339 0.001897 -0.003975
-0.013718 0.900529 0.669515 1.564442 0.000208 -0.012149
-0.021078 0.903539 0.678100 1.574677 -0.000585 -0.003261
-0.027778 0.910666 0.670444 1.566143 0.001368 0.007257
-0.014866 0.900670 0.668428 1.565118 0.004586 -0.011100
-0.021266 0.903140 0.663924 1.558532 0.002389 -0.002926
-0.015059 0.900667 0.669633 1.565512 0.002333 -0.010757
-0.025947 0.908631 0.685940 1.584086 -0.002002 0.004112
-0.018855 0.905843 0.678260 1.573915 -0.003441 -0.004317
-0.032826 0.915855 0.678462 1.575488 -0.000650 0.014604
-0.018806 0.910232 0.679431 1.576170 -0.001678 -0.002493
-0.025590 0.908180 0.671586 1.567662 0.000688 0.003829
-0.019095 0.905519 0.677315 1.574657 0.000664 -0.004319
-0.019076 0.905501 0.681283 1.578730 -0.001139 -0.004257
-0.025602 0.907922 0.673291 1.568128 -0.002680 0.003560
-0.025903 0.908086 0.687147 1.585298 -0.002403 0.004044
-0.025349 0.912227 0.674389 1.570353 -0.000882 0.005140
-0.032261 0.915122 0.679581 1.576621 -0.001009 0.013967
-0.032583 0.914981 0.680303 1.576821 -0.002414 0.013793
-0.024999 0.907530 0.672404 1.568456 0.000227 0.003094
-0.018421 0.909548 0.680588 1.577106 -0.002650 -0.003187
-0.032198 0.914841 0.680293 1.576825 -0.002377 0.013392
-0.032188 0.914782 0.680434 1.576949 -0.002443 0.013363
-0.032361 0.914898 0.680301 1.576827 -0.002393 0.013560
-0.032404 0.914925 0.680274 1.576837 -0.002298 0.013644
-0.032375 0.914909 0.680283 1.576852 -0.002286 0.013618
-0.032322 0.914895 0.680267 1.576843 -0.002267 0.013569
-0.032286 0.914884 0.680259 1.576847 -0.002236 0.013541
-0.032299 0.914894 0.680244 1.576841 -0.002211 0.013564
-0.032322 0.914911 0.680224 1.576834 -0.002176 0.013602
-0.032354 0.914928 0.680211 1.576832 -0.002145 0.013647
-0.032389 0.914948 0.680196 1.576829 -0.002114 0.013697
-0.032415 0.914964 0.680179 1.576824 -0.002082 0.013736
-0.032430 0.914975 0.680163 1.576820 -0.002049 0.013763
-0.032436 0.914983 0.680148 1.576816 -0.002019 0.013782
-0.032439 0.914990 0.680133 1.576812 -0.001988 0.013796
-0.030732 0.908998 0.674062 1.570629 0.000810 0.009537
-0.034533 0.915170 0.673769 1.568399 -0.003396 0.016117
-0.029712 0.912477 0.683573 1.580643 -0.002992 0.009833
-0.030286 0.911705 0.685069 1.582224 -0.003562 0.010229
-0.031767 0.911338 0.686217 1.583389 -0.004314 0.011479
-0.022673 0.909950 0.680300 1.577465 -0.000882 0.001872
-0.022542 0.908115 0.669364 1.563452 -0.002418 0.000769
-0.030422 0.910301 0.674324 1.570094 -0.001574 0.009844
-0.023825 0.910411 0.668410 1.563859 0.001793 0.003399
-0.025113 0.909596 0.669436 1.565061 0.001031 0.004233
-0.026073 0.908471 0.670716 1.566576 0.000302 0.004715
-0.026776 0.907583 0.670589 1.566704 0.002201 0.004855
-0.014868 0.902109 0.673442 1.569676 0.001108 -0.009764
-0.018238 0.907926 0.680418 1.576878 -0.002271 -0.003505
-0.018391 0.907900 0.680645 1.576999 -0.002573 -0.003450
-0.018573 0.908006 0.680559 1.576903 -0.002583 -0.003261
-0.018619 0.908025 0.680558 1.576923 -0.002532 -0.003191
-0.018597 0.908015 0.680559 1.576927 -0.002525 -0.003211
-0.018558 0.908007 0.680540 1.576918 -0.002497 -0.003242
-0.018521 0.907998 0.680521 1.576913 -0.002460 -0.003269
-0.018517 0.908003 0.680505 1.576909 -0.002426 -0.003260
-0.018517 0.908012 0.680480 1.576898 -0.002387 -0.003245
-0.018522 0.908022 0.680459 1.576892 -0.002349 -0.003226
-0.018526 0.908031 0.680438 1.576885 -0.002311 -0.003207
-0.018530 0.908041 0.680418 1.576878 -0.002274 -0.003189
-0.018535 0.908050 0.680397 1.576871 -0.002236 -0.003170
-0.018539 0.908060 0.680376 1.576864 -0.002198 -0.003151
-0.021842 0.908769 0.672370 1.566843 -0.003094 0.000652
-0.027826 0.910442 0.674493 1.571179 0.000752 0.007540
-0.022482 0.908032 0.680859 1.577020 -0.003551 0.000467
-0.025456 0.907174 0.672553 1.567830 -0.000995 0.003384
-0.028695 0.911311 0.677306 1.573783 -0.000342 0.008630
-0.021283 0.905577 0.669192 1.565191 0.002733 -0.001899
-0.016659 0.902254 0.673995 1.570107 -0.000114 -0.008379
-0.025088 0.907755 0.671725 1.567489 0.000343 0.003366
-0.018904 0.902152 0.676136 1.571919 -0.001789 -0.005718
-0.022419 0.904741 0.677679 1.575112 0.000762 -0.000976
-0.028683 0.911547 0.665576 1.560856 0.002910 0.008583
-0.021242 0.908656 0.681067 1.578846 0.000080 -0.000659
-0.021952 0.904464 0.679509 1.577148 0.000453 -0.001737
-0.022404 0.905240 0.678739 1.576851 0.002099 -0.000920
-0.019333 0.904761 0.674634 1.570683 -0.000192 -0.004364
-0.020834 0.905877 0.675048 1.570932 -0.000427 -0.002095
0.000000 0.000000 0.000000 0.000000 -0.000000 0.000000
-0.017999 0.902104 0.673387 1.570614 0.002880 -0.007268
-0.021457 0.907107 0.679448 1.577005 -0.000209 -0.001118
-0.023542 0.908363 0.679899 1.577304 -0.000429 0.001888
-0.017140 0.905872 0.679815 1.576904 -0.000719 -0.006252
-0.021893 0.903994 0.671806 1.567204 -0.000130 -0.001999
-0.016146 0.901707 0.671897 1.567082 -0.000317 -0.009279
0.000000 0.000000 0.000000 0.000000 -0.000000 0.000000
0.000000 0.000000 0.000000 0.000000 -0.000000 0.000000
0.000000 0.000000 0.000000 0.000000 -0.000000 0.000000
-0.019674 0.904050 0.672758 1.568853 0.000133 -0.004063
0.000000 0.000000 0.000000 0.000000 -0.000000 0.000000
-0.018560 0.903622 0.673078 1.569221 0.000676 -0.005759
0.000000 0.000000 0.000000 0.000000 -0.000000 0.000000
0.000000 0.000000 0.000000 0.000000 -0.000000 0.000000
0.000000 0.000000 0.000000 0.000000 -0.000000 0.000000
0.000000 0.000000 0.000000 0.000000 -0.000000 0.000000
0.000000 0.000000 0.000000 0.000000 -0.000000 0.000000
0.000000 0.000000 0.000000 0.000000 -0.000000 0.000000
0.000000 0.000000 0.000000 0.000000 -0.000000 0.000000
0.000000 0.000000 0.000000 0.000000 -0.000000 0.000000
0.080814 0.856460 0.796894 1.737790 -0.012393 -0.217546
0.000000 0.000000 0.000000 0.000000 -0.000000 0.000000
0.000000 0.000000 0.000000 0.000000 -0.000000 0.000000
0.082251 0.854779 0.793766 1.734837 -0.011356 -0.219825
0.000000 0.000000 0.000000 0.000000 -0.000000 0.000000
0.000000 0.000000 0.000000 0.000000 -0.000000 0.000000
0.000000 0.000000 0.000000 0.000000 -0.000000 0.000000
0.000000 0.000000 0.000000 0.000000 -0.000000 0.000000
0.000000 0.000000 0.000000 0.000000 -0.000000 0.000000
0.000000 0.000000 0.000000 0.000000 -0.000000 0.000000
0.000000 0.000000 0.000000 0.000000 -0.000000 0.000000
0.000000 0.000000 0.000000 0.000000 -0.000000 0.000000
0.000000 0.000000 0.000000 0.000000 -0.000000 0.000000
0.000000 0.000000 0.000000 0.000000 -0.000000 0.000000
0.000000 0.000000 0.000000 0.000000 -0.000000 0.000000
0.000000 0.000000 0.000000 0.000000 -0.000000 0.000000
0.000000 0.000000 0.000000 0.000000 -0.000000 0.000000
0.082190 0.852824 0.801656 1.742446 -0.016270 -0.221015
0.087417 0.862606 0.796619 1.734463 -0.018204 -0.220172
0.000000 0.000000 0.000000 0.000000 -0.000000 0.000000
0.000000 0.000000 0.000000 0.000000 -0.000000 0.000000
0.000000 0.000000 0.000000 0.000000 -0.000000 0.000000
0.000000 0.000000 0.000000 0.000000 -0.000000 0.000000
0.000000 0.000000 0.000000 0.000000 -0.000000 0.000000
0.000000 0.000000 0.000000 0.000000 -0.000000 0.000000
0.000000 0.000000 0.000000 0.000000 -0.000000 0.000000
0.000000 0.000000 0.000000 0.000000 -0.000000 0.000000
0.000000 0.000000 0.000000 0.000000 -0.000000 0.000000
0.000000 0.000000 0.000000 0.000000 -0.000000 0.000000
0.000000 0.000000 0.000000 0.000000 -0.000000 0.000000
0.000000 0.000000 0.000000 0.000000 -0.000000 0.000000
0.000000 0.000000 0.000000 0.000000 -0.000000 0.000000
0.000000 0.000000 0.000000 0.000000 -0.000000 0.000000
0.082755 0.853244 0.799866 1.740790 -0.015144 -0.221045
0.000000 0.000000 0.000000 0.000000 -0.000000 0.000000
0.000000 0.000000 0.000000 0.000000 -0.000000 0.000000
0.080374 0.855320 0.801813 1.742285 -0.016701 -0.217582
0.000000 0.000000 0.000000 0.000000 -0.000000 0.000000
0.000000 0.000000 0.000000 0.000000 -0.000000 0.000000
0.000000 0.000000 0.000000 0.000000 -0.000000 0.000000
0.000000 0.000000 0.000000 0.000000 -0.000000 0.000000
0.000000 0.000000 0.000000 0.000000 -0.000000 0.000000
0.083337 0.853778 0.801019 1.741601 -0.015529 -0.220999
0.000000 0.000000 0.000000 0.000000 -0.000000 0.000000
0.086885 0.851879 0.797672 1.738203 -0.015835 -0.225785
0.000000 0.000000 0.000000 0.000000 -0.000000 0.000000
0.000000 0.000000 0.000000 0.000000 -0.000000 0.000000
0.083713 0.856251 0.802444 1.742875 -0.016403 -0.220171
0.000000 0.000000 0.000000 0.000000 -0.000000 0.000000
0.000000 0.000000 0.000000 0.000000 -0.000000 0.000000
0.000000 0.000000 0.000000 0.000000 -0.000000 0.000000
0.000000 0.000000 0.000000 0.000000 -0.000000 0.000000
0.000000 0.000000 0.000000 0.000000 -0.000000 0.000000
0.000000 0.000000 0.000000 0.000000 -0.000000 0.000000
0.000000 0.000000 0.000000 0.000000 -0.000000 0.000000
0.000000 0.000000 0.000000 0.000000 -0.000000 0.000000
0.000000 0.000000 0.000000 0.000000 -0.000000 0.000000
0.084077 0.850825 0.800320 1.742592 -0.012757 -0.223597
0.000000 0.000000 0.000000 0.000000 -0.000000 0.000000
0.000000 0.000000 0.000000 0.000000 -0.000000 0.000000
0.079637 0.853894 0.802727 1.744574 -0.013982 -0.217804
0.000000 0.000000 0.000000 0.000000 -0.000000 0.000000
0.000000 0.000000 0.000000 0.000000 -0.000000 0.000000
0.000000 0.000000 0.000000 0.000000 -0.000000 0.000000
0.080228 0.851756 0.796167 1.736721 -0.015986 -0.220083
0.086619 0.846056 0.800646 1.743286 -0.012595 -0.229003
0.086068 0.852150 0.799260 1.741661 -0.010803 -0.224451
0.000000 0.000000 0.000000 0.000000 -0.000000 0.000000
0.000000 0.000000 0.000000 0.000000 -0.000000 0.000000
0.083188 0.855388 0.809111 1.750629 -0.016852 -0.220230
0.080171 0.859253 0.799693 1.740898 -0.013230 -0.214893
0.071875 0.863730 0.801167 1.742179 -0.014742 -0.204745
0.077854 0.862252 0.794584 1.733945 -0.015832 -0.211779
0.000000 0.000000 0.000000 0.000000 -0.000000 0.000000
0.000000 0.000000 0.000000 0.000000 -0.000000 0.000000
0.084023 0.857161 0.799082 1.740489 -0.012578 -0.220013
0.084159 0.857119 0.799019 1.740454 -0.012475 -0.220110
0.084276 0.857077 0.798977 1.740434 -0.012392 -0.220198
0.084396 0.857035 0.798932 1.740409 -0.012320 -0.220293
0.084485 0.857006 0.798895 1.740391 -0.012247 -0.220354
0.084509 0.857017 0.798849 1.740365 -0.012176 -0.220341
0.078993 0.861490 0.795637 1.735460 -0.015120 -0.213194
0.000000 0.000000 0.000000 0.000000 -0.000000 0.000000
0.000000 0.000000 0.000000 0.000000 -0.000000 0.000000
0.000000 0.000000 0.000000 0.000000 -0.000000 0.000000
0.081291 0.862449 0.803235 1.743112 -0.016864 -0.214633
0.074606 0.865573 0.800606 1.739322 -0.019617 -0.206915
0.000000 0.000000 0.000000 0.000000 -0.000000 0.000000
0.081306 0.853578 0.795855 1.736523 -0.015377 -0.219744
0.000000 0.000000 0.000000 0.000000 -0.000000 0.000000
0.000000 0.000000 0.000000 0.000000 -0.000000 0.000000
0.083415 0.852011 0.802553 1.744931 -0.012945 -0.221777
0.000000 0.000000 0.000000 0.000000 -0.000000 0.000000
0.087882 0.849849 0.804289 1.745277 -0.017894 -0.227903
0.084110 0.855210 0.800678 1.741353 -0.015283 -0.221069
0.081961 0.853097 0.802429 1.744199 -0.015310 -0.220420
0.080155 0.857215 0.802978 1.741490 -0.021914 -0.216800
0.082855 0.851672 0.796070 1.737165 -0.013840 -0.221603
0.078309 0.855584 0.804549 1.746000 -0.016360 -0.215260
0.078492 0.863062 0.803624 1.743572 -0.017346 -0.210970
0.078263 0.853876 0.799174 1.740315 -0.015133 -0.216271
0.079269 0.855097 0.802916 1.743204 -0.018698 -0.217124
0.083461 0.858040 0.805706 1.746673 -0.016423 -0.218280
0.080335 0.855347 0.807872 1.749219 -0.016712 -0.217271
0.079022 0.859750 0.794836 1.733822 -0.018290 -0.213891
0.079433 0.852823 0.801166 1.742618 -0.015611 -0.217855
0.080226 0.854588 0.792805 1.733479 -0.014176 -0.217609
0.078617 0.862118 0.804219 1.742848 -0.020124 -0.212023
0.079123 0.855047 0.797139 1.739343 -0.012453 -0.216039
0.074195 0.866619 0.803033 1.741013 -0.021400 -0.205622
0.079495 0.856872 0.806021 1.745694 -0.019830 -0.215560
0.083958 0.852336 0.802573 1.743785 -0.015034 -0.221433
0.077949 0.856568 0.796921 1.738698 -0.012858 -0.214008
0.079055 0.860357 0.812329 1.754164 -0.015652 -0.212177
0.083849 0.854684 0.801610 1.740327 -0.020666 -0.220949
0.079513 0.860613 0.806917 1.747006 -0.017320 -0.213083
0.080187 0.854859 0.805596 1.745560 -0.019109 -0.217588
0.081832 0.857555 0.807641 1.748326 -0.016287 -0.216637
0.085169 0.847407 0.810906 1.753817 -0.014955 -0.225156
0.081436 0.857751 0.802867 1.742217 -0.018282 -0.216433
0.079937 0.859736 0.806974 1.744949 -0.022105 -0.214462
0.082659 0.854230 0.803403 1.743830 -0.017364 -0.219406
0.077177 0.860194 0.807850 1.749949 -0.014189 -0.210669
0.080510 0.861143 0.802580 1.740837 -0.020739 -0.214064
0.082868 0.849067 0.806350 1.745896 -0.021086 -0.223082
0.080881 0.856921 0.812601 1.750354 -0.023922 -0.216922
0.080462 0.862848 0.804433 1.742575 -0.020560 -0.212821
0.080556 0.862749 0.804521 1.742671 -0.020545 -0.212930
0.082300 0.854220 0.799598 1.739307 -0.018653 -0.219481
0.082782 0.848177 0.808070 1.747400 -0.022111 -0.223715
0.082934 0.848111 0.808037 1.747408 -0.021965 -0.223811
0.083062 0.848054 0.808011 1.747416 -0.021845 -0.223895
0.083159 0.848007 0.807999 1.747429 -0.021756 -0.223961
0.083239 0.847960 0.808003 1.747450 -0.021700 -0.224026
0.083301 0.847914 0.808024 1.747477 -0.021680 -0.224090
0.083346 0.847869 0.808061 1.747513 -0.021692 -0.224154
0.083363 0.847829 0.808115 1.747556 -0.021739 -0.224204
0.083353 0.847796 0.808186 1.747607 -0.021820 -0.224244
0.083308 0.847773 0.808275 1.747666 -0.021934 -0.224261
0.083244 0.847750 0.808380 1.747734 -0.022081 -0.224276
0.083185 0.847691 0.808544 1.747981 -0.021844 -0.224108
0.083215 0.847728 0.808441 1.747827 -0.021986 -0.224199
0.083137 0.847755 0.808475 1.747803 -0.022189 -0.224218
0.082772 0.853722 0.800039 1.739752 -0.018707 -0.220107
0.082740 0.853718 0.800080 1.739773 -0.018781 -0.220112
0.082720 0.853717 0.800103 1.739785 -0.018821 -0.220113
0.082709 0.853717 0.800114 1.739791 -0.018842 -0.220112
0.082702 0.853718 0.800120 1.739793 -0.018854 -0.220110
0.081761 0.859628 0.803605 1.741584 -0.021170 -0.216051
0.080694 0.847915 0.805980 1.748432 -0.015731 -0.221589
0.084040 0.854123 0.802068 1.744633 -0.011986 -0.220165
0.081143 0.861700 0.799410 1.739381 -0.015711 -0.213810
0.082181 0.853717 0.802396 1.742819 -0.017735 -0.219549
0.082067 0.855769 0.790485 1.731396 -0.012596 -0.217857
0.078583 0.862229 0.803933 1.743636 -0.018529 -0.211547
0.075548 0.866445 0.807059 1.746068 -0.019010 -0.206634
0.075328 0.863498 0.801739 1.741761 -0.016903 -0.207875
0.083602 0.853449 0.811725 1.753039 -0.017528 -0.220866
0.086114 0.851134 0.796718 1.736288 -0.018504 -0.225277
0.080996 0.852758 0.807607 1.750261 -0.014522 -0.218954
0.082013 0.852301 0.791597 1.731923 -0.015192 -0.220873
0.075872 0.862597 0.800690 1.740394 -0.017108 -0.209161
0.077458 0.859720 0.806736 1.749128 -0.013063 -0.211624
0.078040 0.857061 0.804535 1.745093 -0.018603 -0.214464
0.073982 0.860051 0.805432 1.746322 -0.017231 -0.209078
0.081960 0.853997 0.806606 1.749527 -0.013580 -0.219103
0.086226 0.846265 0.809463 1.752360 -0.015451 -0.227763
0.082488 0.854954 0.806491 1.746729 -0.019858 -0.220010
0.076924 0.863192 0.801357 1.741885 -0.015086 -0.209643
0.076032 0.859391 0.799790 1.738967 -0.019424 -0.211690
0.077777 0.858786 0.794315 1.733429 -0.017951 -0.213855
0.079793 0.853533 0.800603 1.743202 -0.012097 -0.218013
0.085280 0.854634 0.798270 1.738867 -0.014248 -0.222821
0.073527 0.863475 0.803663 1.743926 -0.016593 -0.206728
0.078633 0.853689 0.802687 1.744274 -0.016451 -0.217309
0.078464 0.855407 0.804780 1.746527 -0.016660 -0.216084
0.082372 0.859191 0.790575 1.729695 -0.013816 -0.217961
0.073616 0.864832 0.791267 1.730202 -0.014615 -0.206026
0.080577 0.856307 0.806534 1.748192 -0.015071 -0.217717
0.074275 0.861563 0.803108 1.742958 -0.018431 -0.208645
0.074126 0.861441 0.803499 1.743178 -0.019063 -0.208835
0.083564 0.851901 0.798412 1.739550 -0.014215 -0.223045
0.079387 0.860498 0.794451 1.734485 -0.013456 -0.214352
0.085125 0.855559 0.799930 1.741592 -0.011746 -0.221950
0.079152 0.860295 0.795636 1.735057 -0.015598 -0.214144
0.073465 0.861084 0.803376 1.744509 -0.015131 -0.207867
0.079473 0.856137 0.807032 1.749543 -0.013177 -0.216221
0.084331 0.854932 0.802477 1.742996 -0.015900 -0.222271
0.072513 0.864658 0.791677 1.731198 -0.013596 -0.205017
0.078569 0.859781 0.795540 1.736429 -0.011721 -0.213386
0.078374 0.859604 0.796082 1.736743 -0.012572 -0.213641
0.084096 0.854606 0.801644 1.743954 -0.010856 -0.221217
0.078194 0.859710 0.796628 1.736715 -0.014469 -0.213312
0.078464 0.859608 0.796552 1.736827 -0.013837 -0.213305
0.083619 0.857997 0.791573 1.730326 -0.015184 -0.220137
0.083578 0.858005 0.791595 1.730345 -0.015198 -0.220098
0.083502 0.858070 0.791549 1.730311 -0.015151 -0.219985
0.083459 0.858101 0.791536 1.730307 -0.015117 -0.219917
0.083440 0.858116 0.791526 1.730303 -0.015099 -0.219887
0.083432 0.858127 0.791513 1.730295 -0.015080 -0.219866
0.083428 0.858136 0.791500 1.730287 -0.015059 -0.219851
0.083428 0.858143 0.791486 1.730279 -0.015038 -0.219838
0.083429 0.858150 0.791471 1.730270 -0.015017 -0.219828
0.083430 0.858157 0.791457 1.730261 -0.014996 -0.219818
0.073469 0.859784 0.797579 1.738577 -0.013699 -0.208559
0.079203 0.857897 0.795713 1.736398 -0.013215 -0.215628
0.077450 0.857356 0.802543 1.743768 -0.015881 -0.214347
0.076868 0.860278 0.808140 1.750318 -0.013961 -0.211345
0.079901 0.856506 0.800006 1.739861 -0.018173 -0.217469
0.083268 0.850081 0.800750 1.744092 -0.009235 -0.223155
0.078713 0.858342 0.799557 1.739468 -0.016169 -0.215261
0.079059 0.858494 0.798919 1.739120 -0.015099 -0.215065
0.072773 0.863375 0.793950 1.732580 -0.016785 -0.206779
0.079313 0.858578 0.798481 1.738872 -0.014384 -0.214940
0.079136 0.858776 0.798299 1.738674 -0.014403 -0.214734
0.079144 0.858796 0.798256 1.738650 -0.014330 -0.214703
0.079190 0.858784 0.798232 1.738633 -0.014302 -0.214739
0.079236 0.858774 0.798205 1.738615 -0.014269 -0.214772
0.079278 0.858763 0.798183 1.738601 -0.014234 -0.214800
0.079320 0.858752 0.798161 1.738589 -0.014201 -0.214828
0.079329 0.858757 0.798142 1.738579 -0.014169 -0.214821
0.079332 0.858768 0.798118 1.738564 -0.014134 -0.214805
0.079332 0.858779 0.798097 1.738552 -0.014100 -0.214786
0.079332 0.858790 0.798076 1.738539 -0.014068 -0.214768
0.079331 0.858801 0.798055 1.738527 -0.014035 -0.214749
0.079331 0.858812 0.798034 1.738515 -0.014001 -0.214730
0.079332 0.858824 0.798013 1.738503 -0.013968 -0.214711
0.079331 0.858835 0.797992 1.738491 -0.013935 -0.214692
0.079331 0.858846 0.797971 1.738478 -0.013901 -0.214674
0.079331 0.858857 0.797949 1.738466 -0.013868 -0.214655
0.079331 0.858868 0.797928 1.738454 -0.013835 -0.214636
0.079331 0.858880 0.797907 1.738442 -0.013801 -0.214617
0.084301 0.858324 0.790570 1.728964 -0.015505 -0.220578
0.079351 0.859193 0.796000 1.736224 -0.013545 -0.214962
0.069041 0.868022 0.802432 1.741264 -0.019315 -0.200632
0.069041 0.868032 0.802412 1.741252 -0.019282 -0.200613
0.072605 0.863920 0.793090 1.731815 -0.016314 -0.206274
0.072605 0.863931 0.793069 1.731803 -0.016280 -0.206255
0.072604 0.863943 0.793048 1.731791 -0.016246 -0.206234
0.072602 0.863954 0.793027 1.731780 -0.016212 -0.206215
0.072601 0.863966 0.793006 1.731768 -0.016178 -0.206194
0.072599 0.863977 0.792985 1.731756 -0.016144 -0.206174
0.072598 0.863989 0.792964 1.731744 -0.016110 -0.206153
0.072597 0.864001 0.792943 1.731732 -0.016075 -0.206133
0.072596 0.864012 0.792921 1.731720 -0.016041 -0.206114
0.072595 0.864024 0.792900 1.731708 -0.016007 -0.206093
0.072595 0.864035 0.792878 1.731695 -0.015972 -0.206075
0.072596 0.864046 0.792857 1.731683 -0.015938 -0.206056
0.072597 0.864056 0.792836 1.731671 -0.015904 -0.206039
0.072600 0.864065 0.792814 1.731659 -0.015870 -0.206024
0.072604 0.864074 0.792793 1.731647 -0.015836 -0.206010
0.072609 0.864083 0.792772 1.731635 -0.015801 -0.205996
0.072614 0.864091 0.792750 1.731622 -0.015767 -0.205983
0.072619 0.864099 0.792729 1.731610 -0.015733 -0.205970
0.072624 0.864108 0.792708 1.731598 -0.015699 -0.205957
